# CLid r/r500c: [ 0.1  0.2  0.3  0.4  0.5  0.6  0.7]
  1 3.0644e-03 6.8982e-03 1.3136e-02 1.9163e-02 2.1724e-02 2.0646e-02 2.2953e-02 
  2 5.4438e-03 1.8329e-02 1.7589e-02 7.4278e-03 4.5000e-03 5.7166e-03 7.2233e-03 
  3 5.4503e-03 1.2276e-02 1.5668e-02 1.4069e-02 8.2194e-03 3.1186e-03 2.3731e-03 
  4 1.6393e-03 5.0829e-03 7.0023e-03 8.6409e-03 1.2811e-02 1.6084e-02 1.6010e-02 
  5 1.8975e-03 5.5677e-03 1.7293e-02 2.7798e-02 3.8802e-02 5.0225e-02 6.4996e-02 
  6 1.1159e-03 3.2592e-03 4.6498e-03 2.4806e-03 4.5643e-03 9.5425e-03 1.3247e-02 
  7 8.3823e-03 2.9328e-02 4.1998e-02 5.1196e-02 6.0977e-02 6.9951e-02 7.9965e-02 
  8 3.8039e-04 3.9831e-03 1.0863e-02 2.1069e-02 3.0363e-02 3.2438e-02 3.1625e-02 
  9 5.2719e-03 1.2362e-02 1.8946e-02 2.5433e-02 3.0978e-02 3.4968e-02 3.8912e-02 
 10 9.7931e-03 1.7923e-03 2.8491e-02 4.8277e-02 6.3298e-02 7.3111e-02 8.1571e-02 
 11 7.0368e-03 2.0526e-02 2.7482e-02 2.5507e-02 2.4056e-02 1.2106e-02 2.5421e-02 
 13 4.9601e-03 1.1448e-02 1.1714e-02 1.8559e-02 3.4034e-02 5.4948e-02 7.8211e-02 
 14 8.1766e-03 1.6105e-02 1.5365e-02 1.2683e-02 1.3440e-02 1.5995e-02 1.7771e-02 
 15 5.4163e-03 8.3089e-03 1.0302e-02 1.0435e-02 1.6017e-02 2.2606e-02 2.5648e-02 
 16 3.0989e-04 1.9231e-03 1.0820e-03 3.3997e-03 8.3852e-03 1.5572e-02 2.2656e-02 
 17 8.7012e-03 2.4981e-02 4.6791e-02 6.8115e-02 8.7855e-02 1.1207e-01 1.3270e-01 
 19 2.5404e-03 5.8039e-03 4.6507e-03 5.5949e-03 7.0612e-03 9.5320e-03 1.4654e-02 
 21 1.4987e-03 3.6636e-03 4.6195e-03 1.9677e-03 6.7806e-03 1.0071e-02 1.3043e-02 
 23 7.1741e-03 1.2383e-02 3.8301e-02 7.1851e-02 1.3655e-01 2.1138e-01 2.8331e-01 
 25 2.1772e-03 3.8723e-03 3.2111e-03 1.6805e-02 2.5444e-02 3.2422e-02 3.6829e-02 
 26 4.1640e-03 1.2739e-02 2.0966e-02 2.1674e-02 1.4476e-02 1.1557e-02 1.4228e-02 
 27 2.6586e-03 3.0345e-03 4.5943e-03 4.4204e-03 8.6961e-03 1.1655e-02 1.2336e-02 
 29 1.2884e-03 1.8102e-03 1.0210e-02 1.9677e-02 2.9443e-02 3.6441e-02 4.2490e-02 
 31 4.7345e-03 1.5521e-02 3.3201e-02 4.9418e-02 6.3785e-02 7.7141e-02 9.1196e-02 
 32 1.8348e-03 6.4781e-03 1.3841e-02 1.9821e-02 2.4880e-02 2.7980e-02 2.6531e-02 
 33 6.8326e-03 5.4997e-03 5.7225e-03 1.4022e-02 2.7121e-02 3.6494e-02 4.1122e-02 
 34 1.0802e-03 5.3548e-03 9.9841e-03 6.1402e-03 3.0882e-03 1.1813e-02 1.9070e-02 
 35 1.0216e-02 2.9833e-02 5.6259e-02 8.9215e-02 1.1649e-01 1.2551e-01 1.2135e-01 
 39 6.8239e-04 7.0119e-03 1.4636e-02 1.6388e-02 1.5734e-02 1.2884e-02 1.2431e-02 
 42 1.2859e-03 3.8845e-03 4.4274e-03 1.6811e-03 2.9326e-03 6.8084e-03 1.0052e-02 
 44 4.2526e-03 1.0109e-02 1.5244e-02 1.8572e-02 2.3119e-02 2.8707e-02 3.3051e-02 
 45 3.0935e-03 1.9308e-02 3.7721e-02 4.6093e-02 5.6374e-02 7.4560e-02 1.1140e-01 
 49 2.9473e-03 2.5335e-03 3.2831e-03 4.5614e-03 1.4211e-03 7.6373e-03 2.0313e-02 
 50 3.1631e-03 1.0976e-02 1.7110e-02 1.6891e-02 1.8046e-02 2.2509e-02 2.8167e-02 
 53 2.5041e-03 4.4321e-03 1.1575e-02 2.1486e-02 2.7758e-02 2.7957e-02 2.6165e-02 
 54 2.4813e-03 6.6615e-03 1.1000e-02 1.4337e-02 1.3768e-02 1.1329e-02 1.5119e-02 
 55 1.5669e-03 6.4844e-03 2.0766e-02 3.2630e-02 3.5273e-02 3.2051e-02 3.2557e-02 
 59 1.2782e-02 3.5040e-02 4.9109e-02 5.0282e-02 4.7203e-02 4.7362e-02 4.9221e-02 
 61 1.5033e-03 6.4086e-03 1.4103e-02 2.6203e-02 3.9924e-02 5.1895e-02 5.7271e-02 
 63 2.3398e-03 5.0822e-03 9.6223e-03 2.4999e-02 3.9584e-02 4.1760e-02 4.1817e-02 
 65 2.6378e-03 1.3519e-02 1.8702e-02 1.6705e-02 2.0655e-02 3.1305e-02 3.6048e-02 
 66 7.0572e-03 1.8408e-02 4.6103e-02 8.0341e-02 1.1306e-01 1.3947e-01 1.5783e-01 
 68 1.2080e-02 1.9020e-02 9.3235e-03 5.0133e-03 7.0323e-03 8.8739e-03 1.7065e-02 
 69 2.7614e-03 9.4521e-03 2.7270e-03 2.8949e-03 1.3933e-02 2.9183e-02 4.3724e-02 
 71 3.9921e-03 8.3814e-03 1.2271e-02 2.0154e-02 2.8914e-02 3.5886e-02 4.2394e-02 
 73 3.6670e-03 2.1365e-02 4.4535e-02 6.9809e-02 8.4395e-02 9.5873e-02 1.0908e-01 
 77 3.8584e-03 1.1604e-02 2.9061e-02 3.7814e-02 2.9933e-02 1.7706e-02 8.8477e-03 
 78 5.8600e-03 1.4580e-02 1.5168e-02 1.2382e-02 1.9229e-02 3.5570e-02 5.9258e-02 
 79 3.1298e-03 4.6346e-03 8.7090e-03 2.2422e-02 4.6737e-02 7.7591e-02 1.0650e-01 
 80 7.7303e-03 2.8199e-02 3.8330e-02 3.7818e-02 2.7833e-02 3.4617e-02 5.9547e-02 
 81 2.3658e-02 6.3446e-02 1.0728e-01 1.2999e-01 1.3921e-01 1.4059e-01 1.3868e-01 
 82 2.1214e-03 8.5384e-03 1.6896e-02 2.3537e-02 3.0093e-02 2.9883e-02 2.7703e-02 
 83 1.0045e-02 2.0618e-02 3.1713e-02 5.2056e-02 7.1332e-02 7.2660e-02 7.2290e-02 
 85 1.2793e-03 3.9675e-03 6.0478e-03 2.6935e-03 5.1639e-03 1.0370e-02 1.6801e-02 
 86 1.1502e-03 6.4002e-03 1.0268e-02 1.1009e-02 1.6363e-02 1.8965e-02 1.6257e-02 
 88 3.8966e-03 7.3126e-03 1.5713e-02 2.6350e-02 3.1697e-02 3.3436e-02 3.5605e-02 
 91 1.5619e-03 1.6045e-02 5.9235e-03 1.9904e-02 4.4458e-02 6.8357e-02 9.2320e-02 
 96 1.6800e-03 5.5844e-03 1.4630e-02 2.5860e-02 4.0722e-02 6.0309e-02 8.1439e-02 
 98 9.6631e-03 1.0216e-02 7.8494e-03 2.4304e-02 3.8107e-02 4.8967e-02 6.2267e-02 
100 7.5064e-04 4.4310e-03 1.3265e-02 1.9333e-02 1.6050e-02 9.1207e-03 3.7180e-03 
104 3.3514e-03 8.3847e-03 3.5361e-03 2.5099e-03 1.2039e-03 3.5508e-03 7.8944e-03 
106 8.5930e-04 1.2277e-03 9.5506e-03 2.3502e-02 3.9897e-02 5.2669e-02 6.1627e-02 
108 2.8765e-03 1.1266e-02 1.6757e-02 2.9352e-02 3.6568e-02 4.0692e-02 4.4458e-02 
125 7.6610e-03 1.9033e-02 2.3373e-02 1.8899e-02 9.7015e-03 6.1455e-03 9.8113e-03 
131 8.5747e-03 8.9691e-03 7.6355e-03 2.5677e-02 4.7119e-02 6.7901e-02 9.0137e-02 
132 1.9525e-03 7.0657e-03 1.5332e-02 2.3518e-02 3.2626e-02 3.8408e-02 3.8917e-02 
135 1.3440e-03 4.2897e-04 6.7515e-03 8.2359e-03 8.8074e-03 1.0255e-02 1.1354e-02 
140 4.4798e-03 1.5322e-02 2.9204e-02 3.5461e-02 2.7672e-02 1.7779e-02 1.7489e-02 
146 2.3847e-03 4.6715e-03 9.2194e-03 1.3124e-02 1.4977e-02 8.9673e-03 9.3746e-03 
149 5.8875e-03 1.2765e-02 1.7871e-02 2.2857e-02 3.0183e-02 3.3887e-02 3.5774e-02 
153 4.0123e-03 1.5748e-02 2.0417e-02 2.0645e-02 2.0534e-02 2.1808e-02 2.5041e-02 
156 1.3105e-02 3.7019e-02 6.1125e-02 8.9005e-02 1.0134e-01 9.8791e-02 9.4077e-02 
161 1.8041e-03 5.3580e-03 1.0418e-02 1.6584e-02 2.3453e-02 2.8145e-02 2.9780e-02 
175 2.0444e-03 3.6469e-03 4.6734e-03 5.6873e-03 1.0047e-02 1.6354e-02 2.3455e-02 
200 2.1002e-03 4.9212e-03 8.0357e-03 9.8491e-03 1.1346e-02 8.0547e-03 1.6484e-03 
201 4.1174e-03 1.0297e-02 1.4963e-02 1.9937e-02 1.7908e-02 1.5881e-02 1.7802e-02 
217 9.5831e-03 2.2105e-02 2.4044e-02 3.0220e-02 4.0773e-02 5.4157e-02 6.6696e-02 
223 3.9106e-03 9.0539e-03 1.1700e-02 1.7983e-02 2.3233e-02 2.8406e-02 3.7036e-02 
229 3.6538e-03 6.2816e-03 1.0401e-02 2.1413e-02 3.0412e-02 3.9062e-02 5.1513e-02 
248 2.2555e-03 3.6087e-03 7.8516e-03 1.3002e-02 1.9828e-02 2.5445e-02 2.8629e-02 
284 2.3811e-03 1.3055e-02 2.6851e-02 3.8995e-02 4.7053e-02 5.2602e-02 5.4829e-02 
298 3.2975e-03 5.4487e-03 1.0704e-02 2.4572e-02 4.5449e-02 6.1969e-02 6.0305e-02 
434 5.2586e-03 1.8610e-02 3.5037e-02 4.6315e-02 6.2323e-02 7.4831e-02 7.8971e-02 
471 7.4669e-03 1.9293e-02 2.7966e-02 3.1577e-02 3.4033e-02 3.6011e-02 3.7347e-02 
732 1.7643e-03 8.9581e-03 1.9714e-02 2.8169e-02 2.9558e-02 2.8809e-02 2.9029e-02 
