# CLid r/r500c: [ 0.1  0.2  0.3  0.4  0.5  0.6  0.7]
  1 3.5640e-01 8.0227e-01 1.5277e+00 2.2287e+00 2.5337e+00 2.4077e+00 2.6753e+00 
  2 5.7896e-01 1.9493e+00 1.8707e+00 7.8997e-01 4.7858e-01 6.0797e-01 7.6821e-01 
  3 9.1828e-01 2.0555e+00 2.6360e+00 2.3634e+00 1.5587e+00 8.5225e-01 8.2018e-01 
  4 1.7598e-01 5.4566e-01 7.5172e-01 9.2763e-01 1.3753e+00 1.7267e+00 1.7187e+00 
  5 1.9910e-01 5.8417e-01 1.8144e+00 2.9166e+00 4.0712e+00 5.2697e+00 6.7982e+00 
  6 1.2494e-01 3.6491e-01 5.2061e-01 2.7773e-01 5.1104e-01 1.0684e+00 1.4832e+00 
  7 9.7483e-01 3.4107e+00 4.8842e+00 5.9538e+00 7.0913e+00 8.1351e+00 9.2996e+00 
  8 2.9771e-02 3.1173e-01 8.5020e-01 1.6489e+00 2.3763e+00 2.5387e+00 2.4751e+00 
  9 6.6050e-01 1.5488e+00 2.3737e+00 3.1864e+00 3.8811e+00 4.3810e+00 4.8683e+00 
 10 1.0486e+00 1.9191e-01 3.0507e+00 5.1694e+00 6.7779e+00 7.8287e+00 8.7345e+00 
 11 7.5927e-01 2.2148e+00 2.9653e+00 2.5825e+00 2.2783e+00 1.4365e+00 3.0585e+00 
 13 7.0492e-01 1.6270e+00 1.6648e+00 2.6375e+00 4.8496e+00 7.7792e+00 1.1075e+01 
 14 1.1155e+00 2.2195e+00 2.1214e+00 1.7518e+00 1.8573e+00 2.2111e+00 2.4573e+00 
 15 5.3482e-01 8.2045e-01 1.0172e+00 1.0304e+00 1.5816e+00 2.2322e+00 2.5325e+00 
 16 3.5611e-02 2.2099e-01 1.2434e-01 3.9068e-01 9.6359e-01 1.7894e+00 2.6035e+00 
 17 1.0105e+00 2.9012e+00 5.4340e+00 7.9105e+00 1.0203e+01 1.3015e+01 1.5411e+01 
 19 2.4870e-01 5.6820e-01 4.5530e-01 5.4773e-01 6.9129e-01 9.3203e-01 1.4346e+00 
 21 1.7712e-01 4.3296e-01 5.4593e-01 2.3254e-01 8.0134e-01 1.1902e+00 1.5436e+00 
 23 8.7735e-01 1.5143e+00 4.6839e+00 8.7870e+00 1.6699e+01 2.5851e+01 3.4647e+01 
 25 2.3203e-01 4.1269e-01 3.4222e-01 1.7910e+00 2.7116e+00 3.4524e+00 3.9226e+00 
 26 5.3369e-01 1.6327e+00 2.6871e+00 2.7739e+00 1.8528e+00 1.4486e+00 1.4457e+00 
 27 2.9851e-01 3.4071e-01 5.1584e-01 4.9631e-01 9.7183e-01 1.3044e+00 1.3817e+00 
 29 1.5724e-01 2.2092e-01 1.2461e+00 2.4015e+00 3.5934e+00 4.4475e+00 5.1857e+00 
 31 5.8069e-01 1.9036e+00 4.0721e+00 6.0610e+00 7.8232e+00 9.4492e+00 1.0865e+01 
 32 2.2615e-01 7.9844e-01 1.7059e+00 2.4430e+00 3.0666e+00 3.4486e+00 3.2618e+00 
 33 9.2362e-01 7.4344e-01 7.7355e-01 1.8954e+00 3.6661e+00 5.0161e+00 5.8021e+00 
 34 1.2331e-01 6.1126e-01 1.1397e+00 7.0191e-01 3.5112e-01 1.3009e+00 2.0046e+00 
 35 1.0807e+00 3.1561e+00 5.9517e+00 9.4381e+00 1.2323e+01 1.3278e+01 1.2838e+01 
 39 7.3656e-02 7.5685e-01 1.5798e+00 1.7689e+00 1.6982e+00 1.3906e+00 1.3426e+00 
 42 1.6229e-01 4.9024e-01 5.5877e-01 2.1217e-01 3.7011e-01 8.5926e-01 1.2686e+00 
 44 4.7494e-01 1.1291e+00 1.7025e+00 2.0742e+00 2.5820e+00 3.2061e+00 3.6912e+00 
 45 3.0318e-01 1.8923e+00 3.6969e+00 4.4546e+00 5.1011e+00 6.4473e+00 9.2602e+00 
 49 3.2052e-01 2.7552e-01 3.5704e-01 4.9639e-01 1.5439e-01 8.1172e-01 1.6988e+00 
 50 4.2649e-01 1.4799e+00 2.3069e+00 2.2774e+00 2.4332e+00 3.0349e+00 3.7978e+00 
 53 2.6976e-01 4.7747e-01 1.2470e+00 2.3147e+00 2.9903e+00 3.0117e+00 2.8187e+00 
 54 2.5115e-01 6.7426e-01 1.1134e+00 1.4511e+00 1.3936e+00 1.1467e+00 1.5178e+00 
 55 1.6642e-01 6.8871e-01 2.2056e+00 3.4657e+00 3.7464e+00 3.3926e+00 3.4463e+00 
 59 1.6248e+00 4.4542e+00 6.2427e+00 6.3918e+00 6.0004e+00 6.0206e+00 6.2584e+00 
 61 1.9484e-01 8.3065e-01 1.8271e+00 3.3959e+00 5.1745e+00 6.7262e+00 7.4230e+00 
 63 2.6977e-01 5.8596e-01 1.1094e+00 2.8824e+00 4.5639e+00 4.8121e+00 4.8191e+00 
 65 2.8780e-01 1.4750e+00 2.0405e+00 1.8226e+00 2.2536e+00 3.3878e+00 3.9102e+00 
 66 7.5286e-01 1.9638e+00 4.9183e+00 8.5708e+00 1.2061e+01 1.4879e+01 1.6837e+01 
 68 1.2925e+00 2.0351e+00 9.9760e-01 5.3642e-01 7.5245e-01 9.4950e-01 1.7268e+00 
 69 3.8002e-01 1.3010e+00 3.7474e-01 4.1926e-01 1.8871e+00 3.9238e+00 5.5814e+00 
 71 4.3140e-01 9.0573e-01 1.3260e+00 2.1852e+00 3.1357e+00 3.8835e+00 4.5834e+00 
 73 4.0798e-01 2.3770e+00 4.9549e+00 7.7668e+00 9.3896e+00 1.0666e+01 1.2135e+01 
 77 6.1569e-01 1.8514e+00 4.6084e+00 6.0234e+00 4.7658e+00 2.7933e+00 1.3198e+00 
 78 6.5876e-01 1.6390e+00 1.6847e+00 1.3850e+00 2.1631e+00 4.0010e+00 6.6632e+00 
 79 3.9877e-01 5.9049e-01 1.0991e+00 2.8497e+00 5.9515e+00 9.8288e+00 1.3087e+01 
 80 9.2129e-01 3.3607e+00 4.5694e+00 4.5079e+00 3.3159e+00 3.6569e+00 4.9410e+00 
 81 2.6209e+00 7.0287e+00 1.1885e+01 1.4380e+01 1.5407e+01 1.5562e+01 1.5352e+01 
 82 1.8889e-01 7.6024e-01 1.5044e+00 2.0921e+00 2.5885e+00 2.5303e+00 2.3141e+00 
 83 1.1571e+00 2.3749e+00 3.6530e+00 5.8759e+00 7.5556e+00 7.8136e+00 7.8635e+00 
 85 1.3038e-01 4.0434e-01 6.1634e-01 2.7450e-01 5.2627e-01 1.0568e+00 1.7122e+00 
 86 1.3043e-01 7.2490e-01 1.1630e+00 1.2186e+00 1.7930e+00 2.1030e+00 1.7917e+00 
 88 4.3789e-01 8.2178e-01 1.7659e+00 2.9611e+00 3.5621e+00 3.7577e+00 4.0196e+00 
 91 1.7358e-01 1.7830e+00 6.5827e-01 2.2120e+00 4.9406e+00 7.5964e+00 1.0259e+01 
 96 1.5388e-01 5.5161e-01 1.5343e+00 2.7373e+00 4.3194e+00 6.3972e+00 8.6354e+00 
 98 1.0143e+00 1.0723e+00 8.2390e-01 2.5510e+00 3.9998e+00 5.1397e+00 6.5357e+00 
100 5.6226e-02 3.3190e-01 9.9359e-01 1.4481e+00 1.2022e+00 6.8317e-01 2.7849e-01 
104 3.5981e-01 9.0020e-01 3.7964e-01 2.6947e-01 1.2922e-01 3.8119e-01 8.4823e-01 
106 9.5487e-02 1.3642e-01 1.0613e+00 2.6115e+00 4.4334e+00 5.8527e+00 6.8480e+00 
108 2.5329e-01 9.9199e-01 1.4756e+00 2.5846e+00 3.2200e+00 3.5831e+00 3.9147e+00 
125 9.6838e-01 2.4058e+00 2.9488e+00 2.3855e+00 1.2250e+00 7.7980e-01 1.2410e+00 
131 9.1204e-01 9.5399e-01 8.0851e-01 2.7292e+00 5.0109e+00 7.2219e+00 9.5820e+00 
132 2.0787e-01 7.5223e-01 1.6323e+00 2.5038e+00 3.4819e+00 3.9458e+00 3.6698e+00 
135 1.5416e-01 4.9204e-02 7.7442e-01 9.4469e-01 1.0102e+00 1.1763e+00 1.3023e+00 
140 4.0729e-01 1.3930e+00 2.6551e+00 3.2240e+00 2.5158e+00 1.6164e+00 1.5900e+00 
146 2.5712e-01 5.0368e-01 9.9405e-01 1.4151e+00 1.6148e+00 9.6687e-01 1.0096e+00 
149 4.6631e-01 1.0110e+00 1.4154e+00 1.8103e+00 2.3906e+00 2.6840e+00 2.8334e+00 
153 4.7756e-01 1.8744e+00 2.4300e+00 2.4572e+00 2.4440e+00 2.5956e+00 2.9805e+00 
156 1.4179e+00 4.0054e+00 6.6137e+00 9.6302e+00 1.0965e+01 1.0689e+01 1.0179e+01 
161 1.4927e-01 4.4330e-01 8.6191e-01 1.3721e+00 1.9204e+00 2.3078e+00 2.4466e+00 
175 1.7226e-01 3.0729e-01 3.9378e-01 4.7921e-01 8.4655e-01 1.3780e+00 1.9646e+00 
200 2.0085e-01 4.7063e-01 7.6848e-01 9.4190e-01 1.0851e+00 7.7030e-01 1.5765e-01 
201 4.8251e-01 1.2067e+00 1.7535e+00 2.3363e+00 2.0986e+00 1.8611e+00 2.0862e+00 
217 1.1743e+00 2.7087e+00 2.9463e+00 3.7031e+00 4.9961e+00 6.6362e+00 8.1727e+00 
223 3.1337e-01 7.2552e-01 9.3752e-01 1.4411e+00 1.8618e+00 2.2762e+00 2.9678e+00 
229 3.7626e-01 6.4686e-01 1.0711e+00 2.2051e+00 3.1312e+00 4.0221e+00 5.2822e+00 
248 2.0749e-01 3.3197e-01 7.2227e-01 1.1960e+00 1.8240e+00 2.2829e+00 2.5868e+00 
284 2.5478e-01 1.3969e+00 2.8731e+00 4.1725e+00 5.0347e+00 5.6285e+00 5.8668e+00 
298 3.3876e-01 5.5954e-01 1.0997e+00 2.5245e+00 4.6692e+00 6.3662e+00 6.1952e+00 
434 6.2799e-01 2.2225e+00 4.1841e+00 5.5310e+00 7.4427e+00 8.9364e+00 9.4308e+00 
471 6.6125e-01 1.7085e+00 2.3205e+00 2.6238e+00 2.6870e+00 2.8739e+00 3.0706e+00 
732 1.4944e-01 7.5878e-01 1.6698e+00 2.3860e+00 2.5036e+00 2.4402e+00 2.4589e+00 
