# CLid r/r500c: [ 0.1  0.2  0.3  0.4  0.5  0.6  0.7]
  1 3.0644e-03 6.8982e-03 1.3136e-02 1.9163e-02 2.1786e-02 2.0702e-02 2.3003e-02 
  2 5.4438e-03 1.8329e-02 1.7589e-02 7.4278e-03 4.5000e-03 5.7166e-03 7.2233e-03 
  3 5.4503e-03 1.2200e-02 1.5646e-02 1.4028e-02 9.2515e-03 5.0584e-03 4.8680e-03 
  4 1.6393e-03 5.0829e-03 7.0023e-03 8.6409e-03 1.2811e-02 1.6084e-02 1.6010e-02 
  5 1.8975e-03 5.5677e-03 1.7293e-02 2.7798e-02 3.8802e-02 5.0225e-02 6.4792e-02 
  6 1.1159e-03 3.2592e-03 4.6498e-03 2.4806e-03 4.5643e-03 9.5425e-03 1.3247e-02 
  7 8.3823e-03 2.9328e-02 4.1998e-02 5.1196e-02 6.0976e-02 6.9951e-02 7.9965e-02 
  8 3.8039e-04 3.9831e-03 1.0863e-02 2.1069e-02 3.0363e-02 3.2438e-02 3.1625e-02 
  9 5.2719e-03 1.2362e-02 1.8946e-02 2.5433e-02 3.0978e-02 3.4968e-02 3.8858e-02 
 10 9.7931e-03 1.7923e-03 2.8491e-02 4.8277e-02 6.3298e-02 7.3111e-02 8.1571e-02 
 11 7.0368e-03 2.0526e-02 2.7482e-02 2.3934e-02 2.1115e-02 1.3313e-02 2.8345e-02 
 13 4.9601e-03 1.1448e-02 1.1714e-02 1.8559e-02 3.4124e-02 5.4738e-02 7.7930e-02 
 14 8.0665e-03 1.6050e-02 1.5340e-02 1.2667e-02 1.3430e-02 1.5989e-02 1.7769e-02 
 15 5.4163e-03 8.3089e-03 1.0302e-02 1.0435e-02 1.6017e-02 2.2606e-02 2.5648e-02 
 16 3.0989e-04 1.9231e-03 1.0820e-03 3.3997e-03 8.3852e-03 1.5572e-02 2.2656e-02 
 17 8.7012e-03 2.4981e-02 4.6791e-02 6.8115e-02 8.7855e-02 1.1207e-01 1.3270e-01 
 19 2.5404e-03 5.8039e-03 4.6507e-03 5.5949e-03 7.0612e-03 9.5202e-03 1.4654e-02 
 21 1.4987e-03 3.6636e-03 4.6195e-03 1.9677e-03 6.7806e-03 1.0071e-02 1.3062e-02 
 23 7.1741e-03 1.2383e-02 3.8301e-02 7.1851e-02 1.3655e-01 2.1138e-01 2.8331e-01 
 25 2.1772e-03 3.8723e-03 3.2111e-03 1.6805e-02 2.5444e-02 3.2394e-02 3.6806e-02 
 26 4.1640e-03 1.2739e-02 2.0966e-02 2.1642e-02 1.4456e-02 1.1302e-02 1.1280e-02 
 27 2.6586e-03 3.0345e-03 4.5943e-03 4.4204e-03 8.6556e-03 1.1618e-02 1.2306e-02 
 29 1.2884e-03 1.8102e-03 1.0210e-02 1.9677e-02 2.9443e-02 3.6441e-02 4.2490e-02 
 31 4.7345e-03 1.5521e-02 3.3201e-02 4.9418e-02 6.3785e-02 7.7043e-02 8.8589e-02 
 32 1.8348e-03 6.4781e-03 1.3841e-02 1.9821e-02 2.4880e-02 2.7980e-02 2.6464e-02 
 33 6.8326e-03 5.4997e-03 5.7225e-03 1.4022e-02 2.7121e-02 3.7108e-02 4.2922e-02 
 34 1.0802e-03 5.3548e-03 9.9841e-03 6.1489e-03 3.0759e-03 1.1397e-02 1.7561e-02 
 35 1.0216e-02 2.9833e-02 5.6259e-02 8.9215e-02 1.1649e-01 1.2551e-01 1.2135e-01 
 39 6.8239e-04 7.0119e-03 1.4636e-02 1.6388e-02 1.5734e-02 1.2884e-02 1.2439e-02 
 42 1.2859e-03 3.8845e-03 4.4274e-03 1.6811e-03 2.9326e-03 6.8084e-03 1.0052e-02 
 44 4.2526e-03 1.0109e-02 1.5244e-02 1.8572e-02 2.3119e-02 2.8707e-02 3.3051e-02 
 45 3.0935e-03 1.9308e-02 3.7721e-02 4.5452e-02 5.2049e-02 6.5785e-02 9.4487e-02 
 49 2.9473e-03 2.5335e-03 3.2831e-03 4.5645e-03 1.4197e-03 7.4641e-03 1.5621e-02 
 50 3.1631e-03 1.0976e-02 1.7110e-02 1.6891e-02 1.8046e-02 2.2509e-02 2.8167e-02 
 53 2.5041e-03 4.4321e-03 1.1575e-02 2.1486e-02 2.7758e-02 2.7957e-02 2.6165e-02 
 54 2.4813e-03 6.6615e-03 1.1000e-02 1.4337e-02 1.3768e-02 1.1329e-02 1.4995e-02 
 55 1.5669e-03 6.4844e-03 2.0766e-02 3.2630e-02 3.5273e-02 3.1942e-02 3.2448e-02 
 59 1.2782e-02 3.5040e-02 4.9109e-02 5.0282e-02 4.7203e-02 4.7362e-02 4.9233e-02 
 61 1.5033e-03 6.4086e-03 1.4096e-02 2.6200e-02 3.9922e-02 5.1894e-02 5.7270e-02 
 63 2.3398e-03 5.0822e-03 9.6223e-03 2.4999e-02 3.9584e-02 4.1736e-02 4.1797e-02 
 65 2.6378e-03 1.3519e-02 1.8702e-02 1.6705e-02 2.0655e-02 3.1051e-02 3.5839e-02 
 66 7.0572e-03 1.8408e-02 4.6103e-02 8.0341e-02 1.1306e-01 1.3947e-01 1.5783e-01 
 68 1.2080e-02 1.9020e-02 9.3235e-03 5.0133e-03 7.0323e-03 8.8739e-03 1.6139e-02 
 69 2.7614e-03 9.4537e-03 2.7231e-03 3.0466e-03 1.3713e-02 2.8513e-02 4.0558e-02 
 71 3.9921e-03 8.3814e-03 1.2271e-02 2.0221e-02 2.9017e-02 3.5938e-02 4.2414e-02 
 73 3.6670e-03 2.1365e-02 4.4535e-02 6.9809e-02 8.4395e-02 9.5873e-02 1.0908e-01 
 77 3.8584e-03 1.1602e-02 2.8880e-02 3.7747e-02 2.9867e-02 1.7505e-02 8.2706e-03 
 78 5.8600e-03 1.4580e-02 1.4986e-02 1.2321e-02 1.9242e-02 3.5591e-02 5.9273e-02 
 79 3.1298e-03 4.6346e-03 8.6262e-03 2.2367e-02 4.6711e-02 7.7143e-02 1.0272e-01 
 80 7.7303e-03 2.8199e-02 3.8340e-02 3.7825e-02 2.7823e-02 3.0684e-02 4.1459e-02 
 81 2.3658e-02 6.3446e-02 1.0728e-01 1.2980e-01 1.3907e-01 1.4047e-01 1.3858e-01 
 82 2.1214e-03 8.5384e-03 1.6896e-02 2.3497e-02 2.9072e-02 2.8418e-02 2.5990e-02 
 83 1.0045e-02 2.0618e-02 3.1713e-02 5.1010e-02 6.5592e-02 6.7832e-02 6.8265e-02 
 85 1.2793e-03 3.9675e-03 6.0478e-03 2.6935e-03 5.1639e-03 1.0370e-02 1.6801e-02 
 86 1.1516e-03 6.4001e-03 1.0268e-02 1.0759e-02 1.5831e-02 1.8567e-02 1.5819e-02 
 88 3.8966e-03 7.3126e-03 1.5713e-02 2.6350e-02 3.1697e-02 3.3438e-02 3.5768e-02 
 91 1.5619e-03 1.6045e-02 5.9235e-03 1.9904e-02 4.4458e-02 6.8357e-02 9.2320e-02 
 96 1.4528e-03 5.2078e-03 1.4485e-02 2.5843e-02 4.0780e-02 6.0397e-02 8.1528e-02 
 98 9.6631e-03 1.0216e-02 7.8494e-03 2.4304e-02 3.8107e-02 4.8967e-02 6.2267e-02 
100 7.5064e-04 4.4310e-03 1.3265e-02 1.9333e-02 1.6050e-02 9.1207e-03 3.7180e-03 
104 3.3514e-03 8.3847e-03 3.5361e-03 2.5099e-03 1.2036e-03 3.5505e-03 7.9007e-03 
106 8.5930e-04 1.2277e-03 9.5506e-03 2.3502e-02 3.9897e-02 5.2670e-02 6.1627e-02 
108 2.8765e-03 1.1266e-02 1.6757e-02 2.9352e-02 3.6568e-02 4.0692e-02 4.4458e-02 
125 7.6610e-03 1.9033e-02 2.3329e-02 1.8872e-02 9.6912e-03 6.1691e-03 9.8179e-03 
131 8.5747e-03 8.9691e-03 7.6013e-03 2.5659e-02 4.7111e-02 6.7898e-02 9.0086e-02 
132 1.9525e-03 7.0657e-03 1.5332e-02 2.3518e-02 3.2706e-02 3.7063e-02 3.4470e-02 
135 1.3440e-03 4.2897e-04 6.7515e-03 8.2359e-03 8.8074e-03 1.0255e-02 1.1354e-02 
140 4.4798e-03 1.5322e-02 2.9204e-02 3.5461e-02 2.7672e-02 1.7779e-02 1.7489e-02 
146 2.3847e-03 4.6715e-03 9.2194e-03 1.3124e-02 1.4977e-02 8.9673e-03 9.3633e-03 
149 5.8875e-03 1.2765e-02 1.7871e-02 2.2857e-02 3.0183e-02 3.3887e-02 3.5774e-02 
153 4.0123e-03 1.5748e-02 2.0417e-02 2.0645e-02 2.0534e-02 2.1808e-02 2.5041e-02 
156 1.3105e-02 3.7019e-02 6.1125e-02 8.9005e-02 1.0134e-01 9.8791e-02 9.4076e-02 
161 1.8041e-03 5.3580e-03 1.0418e-02 1.6584e-02 2.3211e-02 2.7893e-02 2.9571e-02 
175 2.0444e-03 3.6469e-03 4.6734e-03 5.6873e-03 1.0047e-02 1.6354e-02 2.3316e-02 
200 2.1002e-03 4.9212e-03 8.0357e-03 9.8491e-03 1.1346e-02 8.0547e-03 1.6484e-03 
201 4.1174e-03 1.0297e-02 1.4963e-02 1.9937e-02 1.7908e-02 1.5881e-02 1.7802e-02 
217 9.5831e-03 2.2105e-02 2.4044e-02 3.0220e-02 4.0773e-02 5.4157e-02 6.6696e-02 
223 3.9106e-03 9.0539e-03 1.1700e-02 1.7983e-02 2.3233e-02 2.8406e-02 3.7036e-02 
229 3.6538e-03 6.2816e-03 1.0401e-02 2.1413e-02 3.0406e-02 3.9058e-02 5.1295e-02 
248 2.2555e-03 3.6087e-03 7.8516e-03 1.3002e-02 1.9828e-02 2.4817e-02 2.8121e-02 
284 2.3811e-03 1.3055e-02 2.6851e-02 3.8995e-02 4.7053e-02 5.2602e-02 5.4829e-02 
298 3.2975e-03 5.4467e-03 1.0704e-02 2.4574e-02 4.5451e-02 6.1970e-02 6.0306e-02 
434 5.2586e-03 1.8610e-02 3.5037e-02 4.6315e-02 6.2323e-02 7.4831e-02 7.8971e-02 
471 7.4669e-03 1.9293e-02 2.6203e-02 2.9628e-02 3.0342e-02 3.2453e-02 3.4674e-02 
732 1.7643e-03 8.9581e-03 1.9714e-02 2.8169e-02 2.9558e-02 2.8809e-02 2.9029e-02 
