# CLid r/r500c: [ 0.7  0.8  0.9  1.   1.1  1.2  1.3]
  1 6.9661e-01 7.1915e-01 7.6664e-01 7.9115e-01 7.9594e-01 7.9514e-01 7.9942e-01 
  2 4.9098e-01 5.2142e-01 5.9326e-01 6.4583e-01 6.6628e-01 6.9480e-01 7.1111e-01 
  3 8.1841e-01 8.0957e-01 8.3707e-01 8.5191e-01 8.7405e-01 8.9368e-01 8.8019e-01 
  4 5.8291e-01 5.8403e-01 5.9227e-01 5.9134e-01 5.7757e-01 5.6059e-01 5.6518e-01 
  5 3.9865e-01 4.4027e-01 5.0754e-01 5.6614e-01 6.7708e-01 7.8144e-01 7.7063e-01 
  6 7.6805e-01 7.7985e-01 7.8179e-01 8.0999e-01 8.3378e-01 8.3221e-01 8.1784e-01 
  7 6.6083e-01 6.5889e-01 6.3784e-01 6.2700e-01 6.2825e-01 6.3803e-01 6.6850e-01 
  8 5.1361e-01 5.4525e-01 5.9853e-01 6.8469e-01 7.1316e-01 6.4692e-01 6.1156e-01 
  9 6.7880e-01 7.0665e-01 7.0250e-01 6.8028e-01 6.4269e-01 6.1982e-01 6.0447e-01 
 10 2.0712e-01 2.4587e-01 3.6106e-01 4.3515e-01 6.1816e-01 7.0840e-01 7.7706e-01 
 11 3.1899e-01 4.9975e-01 6.2900e-01 6.4285e-01 6.4262e-01 6.8848e-01 7.0238e-01 
 13 5.0243e-01 5.0415e-01 5.5404e-01 6.8315e-01 7.7881e-01 8.3668e-01 8.9091e-01 
 14 7.1865e-01 7.6370e-01 7.7579e-01 7.6671e-01 7.5160e-01 7.3883e-01 7.3599e-01 
 15 7.0463e-01 7.4320e-01 7.7061e-01 7.7616e-01 7.8965e-01 8.2200e-01 8.7410e-01 
 16 8.1845e-01 8.7050e-01 8.7942e-01 8.5717e-01 8.4286e-01 8.4321e-01 8.4220e-01 
 17 3.8326e-01 3.5710e-01 3.7608e-01 4.2072e-01 4.6824e-01 6.3069e-01 7.7133e-01 
 19 5.3326e-01 5.4990e-01 5.8071e-01 6.1414e-01 6.3452e-01 6.5260e-01 6.6037e-01 
 21 8.6816e-01 9.0023e-01 8.8470e-01 8.6419e-01 8.3754e-01 8.1810e-01 8.1635e-01 
 23 1.8731e-01 2.2711e-01 3.8776e-01 4.8406e-01 5.7236e-01 8.2436e-01 9.0711e-01 
 25 7.8505e-01 7.7738e-01 7.8895e-01 8.2297e-01 8.6347e-01 8.5845e-01 8.5298e-01 
 26 6.3172e-01 6.7867e-01 7.2833e-01 7.6188e-01 7.7174e-01 7.6634e-01 7.4509e-01 
 27 7.4256e-01 7.4606e-01 7.7184e-01 7.6962e-01 7.5269e-01 7.3463e-01 7.1852e-01 
 29 6.6178e-01 6.4862e-01 6.5324e-01 6.7960e-01 7.2640e-01 7.4742e-01 7.5114e-01 
 31 4.1109e-01 5.9521e-01 6.6618e-01 6.8665e-01 7.0654e-01 7.6389e-01 7.8319e-01 
 32 7.6853e-01 7.8164e-01 7.7505e-01 7.6541e-01 7.6754e-01 7.7962e-01 7.7930e-01 
 33 3.8267e-01 4.7517e-01 5.1340e-01 5.2997e-01 6.0132e-01 6.4153e-01 6.3776e-01 
 34 5.3501e-01 5.3540e-01 5.4671e-01 5.8077e-01 6.3714e-01 6.7582e-01 7.2781e-01 
 35 8.0089e-01 8.0470e-01 8.4746e-01 9.0794e-01 9.4026e-01 9.1395e-01 8.8064e-01 
 39 7.2367e-01 7.2659e-01 7.4391e-01 7.7253e-01 7.9594e-01 8.4022e-01 8.6017e-01 
 42 7.4560e-01 7.5490e-01 7.8967e-01 8.2495e-01 8.3469e-01 8.3131e-01 8.2382e-01 
 44 7.3569e-01 7.7770e-01 7.8833e-01 7.8119e-01 7.7919e-01 7.8175e-01 7.7927e-01 
 45 3.6976e-01 3.0736e-01 2.5146e-01 2.6778e-01 2.9992e-01 3.0883e-01 3.3938e-01 
 49 4.8233e-01 6.7624e-01 7.5514e-01 7.7719e-01 7.7881e-01 7.7224e-01 7.9703e-01 
 50 5.8344e-01 5.5224e-01 5.2761e-01 5.2184e-01 5.2960e-01 5.3032e-01 5.4264e-01 
 53 6.1836e-01 6.4360e-01 6.4477e-01 6.4982e-01 6.5061e-01 6.4290e-01 6.4351e-01 
 54 5.2686e-01 5.5398e-01 6.8314e-01 7.3194e-01 7.6079e-01 7.9193e-01 8.3252e-01 
 55 7.5798e-01 7.7997e-01 8.0338e-01 8.1218e-01 8.5452e-01 8.5823e-01 8.2308e-01 
 59 8.2763e-01 8.1089e-01 7.8871e-01 7.5342e-01 7.2577e-01 7.1176e-01 7.0442e-01 
 61 3.7522e-01 4.5088e-01 4.6648e-01 4.7827e-01 5.0576e-01 5.4352e-01 6.9949e-01 
 63 6.9422e-01 6.5517e-01 6.3273e-01 6.3492e-01 6.5813e-01 6.8949e-01 7.5180e-01 
 65 8.1691e-01 8.3304e-01 8.0554e-01 7.7346e-01 7.5557e-01 7.6410e-01 7.9172e-01 
 66 4.3745e-01 7.0178e-01 8.0408e-01 7.9735e-01 7.9969e-01 7.9684e-01 7.8713e-01 
 68 6.6393e-01 6.4464e-01 6.7485e-01 6.6822e-01 6.4333e-01 6.5937e-01 7.2359e-01 
 69 7.5488e-01 8.4360e-01 9.0473e-01 9.3665e-01 9.1564e-01 8.8853e-01 8.7418e-01 
 71 6.2924e-01 6.2094e-01 6.3372e-01 6.5169e-01 6.6062e-01 6.7696e-01 6.9834e-01 
 73 4.0296e-01 3.1808e-01 3.3372e-01 3.7991e-01 5.2273e-01 5.9631e-01 7.5013e-01 
 77 8.0088e-01 7.9124e-01 8.2981e-01 8.6522e-01 8.8172e-01 8.7964e-01 8.6751e-01 
 78 6.4480e-01 5.9417e-01 5.6265e-01 5.5674e-01 5.8112e-01 6.0317e-01 5.9373e-01 
 79 6.4986e-01 6.2621e-01 6.3977e-01 8.4587e-01 8.3031e-01 7.8335e-01 7.4647e-01 
 80 5.4752e-01 5.4426e-01 5.2630e-01 5.0316e-01 5.1553e-01 5.5381e-01 5.8381e-01 
 81 8.9832e-01 8.6299e-01 8.3836e-01 8.2494e-01 8.2546e-01 8.1970e-01 8.0964e-01 
 82 5.4506e-01 5.4095e-01 5.6582e-01 6.0830e-01 6.1506e-01 6.2767e-01 6.4690e-01 
 83 7.6064e-01 7.5839e-01 7.7434e-01 8.0166e-01 8.3328e-01 8.8664e-01 9.1378e-01 
 85 7.4170e-01 7.6558e-01 7.7700e-01 7.9628e-01 8.1491e-01 8.2811e-01 8.2313e-01 
 86 7.4011e-01 8.0199e-01 8.0986e-01 7.8716e-01 8.0084e-01 8.3561e-01 8.5917e-01 
 88 5.7815e-01 6.3406e-01 6.8151e-01 7.5226e-01 8.2847e-01 8.4710e-01 8.6104e-01 
 91 5.1177e-01 6.2590e-01 5.6951e-01 5.4812e-01 5.8213e-01 6.4586e-01 6.9692e-01 
 96 5.8049e-01 6.5904e-01 6.6024e-01 6.4328e-01 6.3537e-01 6.4064e-01 6.4414e-01 
 98 4.0138e-01 4.5303e-01 4.9090e-01 5.3214e-01 5.5767e-01 6.0778e-01 6.5986e-01 
100 6.8267e-01 6.2848e-01 5.8235e-01 5.5060e-01 5.1876e-01 4.4718e-01 3.9611e-01 
104 6.8229e-01 7.0096e-01 7.1536e-01 7.0803e-01 6.9539e-01 6.9074e-01 6.9083e-01 
106 6.8968e-01 5.4372e-01 4.5124e-01 4.5207e-01 5.3337e-01 6.6943e-01 7.9246e-01 
108 6.6409e-01 6.3788e-01 6.3692e-01 6.4222e-01 6.5856e-01 6.6800e-01 6.6267e-01 
125 8.3295e-01 8.3896e-01 8.6906e-01 8.9870e-01 8.7708e-01 8.4834e-01 8.2749e-01 
131 5.3840e-01 5.6785e-01 6.1450e-01 7.6230e-01 8.7703e-01 8.8043e-01 8.3735e-01 
132 5.0603e-01 5.6977e-01 6.0587e-01 6.1240e-01 6.2376e-01 6.2891e-01 6.3784e-01 
135 6.8904e-01 7.4232e-01 8.1343e-01 8.5212e-01 8.8390e-01 9.0676e-01 9.1185e-01 
140 7.2049e-01 6.8530e-01 6.3517e-01 5.7593e-01 5.3275e-01 5.1178e-01 4.9911e-01 
146 5.0897e-01 5.1841e-01 5.4671e-01 5.7135e-01 5.8142e-01 6.0978e-01 6.3761e-01 
149 7.6734e-01 7.6953e-01 7.5450e-01 7.4385e-01 7.4301e-01 7.8323e-01 8.2497e-01 
153 6.0950e-01 5.9366e-01 5.8949e-01 6.0426e-01 6.4275e-01 6.6427e-01 6.8180e-01 
156 7.8138e-01 7.8665e-01 7.9792e-01 8.0487e-01 7.9392e-01 7.9013e-01 8.0071e-01 
161 5.4523e-01 5.6159e-01 5.5283e-01 5.5323e-01 5.8591e-01 6.0622e-01 5.8501e-01 
175 7.3943e-01 7.1655e-01 6.8319e-01 6.5396e-01 6.3542e-01 6.2367e-01 6.1187e-01 
200 7.0229e-01 6.7664e-01 6.6183e-01 6.3732e-01 6.2006e-01 6.2321e-01 6.3558e-01 
201 6.1439e-01 6.3515e-01 6.3012e-01 6.5245e-01 7.0282e-01 7.1036e-01 6.9727e-01 
217 3.5670e-01 2.5453e-01 2.3252e-01 3.9422e-01 5.4771e-01 6.4535e-01 7.7485e-01 
223 6.9878e-01 6.8681e-01 6.7196e-01 6.6350e-01 6.6136e-01 6.7466e-01 7.0973e-01 
229 6.6128e-01 6.8078e-01 6.7998e-01 6.7954e-01 7.0639e-01 7.4921e-01 7.8223e-01 
248 8.0710e-01 8.0805e-01 8.1125e-01 7.9422e-01 7.9484e-01 8.1317e-01 8.2112e-01 
284 5.9370e-01 6.5124e-01 6.8391e-01 6.5883e-01 6.3126e-01 6.1252e-01 5.9679e-01 
298 5.1042e-01 4.9627e-01 4.8826e-01 4.8881e-01 5.0011e-01 5.3456e-01 6.1150e-01 
434 6.7570e-01 8.6354e-01 8.4146e-01 7.9544e-01 7.4172e-01 6.7664e-01 6.2197e-01 
471 5.2690e-01 5.7401e-01 5.7195e-01 5.7042e-01 6.0459e-01 6.5165e-01 6.7912e-01 
732 7.3583e-01 7.4246e-01 7.2395e-01 6.9133e-01 6.8449e-01 6.9909e-01 7.1316e-01 
