# CLid r/r500c: [ 0.1  0.2  0.3  0.4  0.5  0.6  0.7  0.8  0.9  1.   1.1  1.2  1.3]
  1 6.5260e-01 5.4220e-01 4.3122e-01 4.3388e-01 4.4640e-01 4.5007e-01 4.7167e-01 4.7402e-01 4.7397e-01 4.7991e-01 4.9034e-01 5.0003e-01 5.1291e-01 
  2 6.9949e-01 4.9690e-01 4.7722e-01 5.1014e-01 5.2532e-01 5.7133e-01 5.7438e-01 5.8685e-01 5.9977e-01 6.0391e-01 6.0294e-01 5.9702e-01 5.8382e-01 
  3 5.0956e-01 5.1967e-01 5.5549e-01 5.4836e-01 5.3534e-01 5.4570e-01 6.2055e-01 6.5701e-01 6.3383e-01 6.2679e-01 6.5198e-01 6.6339e-01 6.5736e-01 
  4 6.8131e-01 4.2570e-01 4.3004e-01 4.6399e-01 4.5725e-01 4.8180e-01 5.0784e-01 4.8885e-01 4.8126e-01 5.0510e-01 5.7943e-01 6.2881e-01 6.3610e-01 
  6 6.6305e-01 5.6558e-01 5.1654e-01 5.2631e-01 5.2009e-01 4.9325e-01 4.9014e-01 5.3178e-01 5.7574e-01 5.7607e-01 5.8159e-01 6.0445e-01 6.3689e-01 
  7 5.3880e-01 6.0706e-01 5.3837e-01 5.7003e-01 6.0853e-01 6.2033e-01 6.2757e-01 6.3632e-01 6.4544e-01 6.7067e-01 6.8321e-01 6.6935e-01 6.5024e-01 
  9 6.5018e-01 7.4532e-01 7.6257e-01 7.5099e-01 6.8139e-01 6.3059e-01 6.3100e-01 6.2443e-01 5.9387e-01 5.8513e-01 6.0252e-01 6.2162e-01 6.3674e-01 
 10 7.1497e-01 6.7129e-01 7.7064e-01 6.6506e-01 5.9326e-01 5.6586e-01 5.5495e-01 5.5473e-01 5.6069e-01 5.6061e-01 5.6421e-01 5.8996e-01 6.2049e-01 
 11 6.7074e-01 5.9155e-01 4.4053e-01 4.3319e-01 4.1866e-01 4.2825e-01 4.3374e-01 4.4233e-01 4.4950e-01 4.5014e-01 4.4733e-01 4.6374e-01 4.9136e-01 
 13 5.5353e-01 6.7019e-01 6.1682e-01 6.1593e-01 5.9971e-01 6.0106e-01 6.1357e-01 5.8311e-01 5.6270e-01 5.6307e-01 5.7618e-01 5.9623e-01 6.3094e-01 
 14 5.5806e-01 5.3699e-01 5.5856e-01 5.0132e-01 4.8420e-01 4.7705e-01 4.7557e-01 4.6680e-01 4.6453e-01 4.7313e-01 4.8476e-01 5.1063e-01 5.4395e-01 
 16 6.2937e-01 5.5446e-01 5.1073e-01 5.5813e-01 5.9528e-01 6.1528e-01 6.6721e-01 7.0639e-01 6.8802e-01 6.8662e-01 6.9040e-01 7.0226e-01 7.5749e-01 
 17 6.0348e-01 5.2910e-01 4.8075e-01 4.4041e-01 4.2333e-01 4.1259e-01 4.1263e-01 4.1139e-01 4.1932e-01 4.2986e-01 4.3352e-01 4.3520e-01 4.5236e-01 
 21 7.0334e-01 7.2136e-01 6.6070e-01 6.3210e-01 6.4025e-01 6.6408e-01 7.2217e-01 7.9209e-01 8.0427e-01 8.0279e-01 8.0758e-01 8.3943e-01 8.4486e-01 
 23 7.3345e-01 6.2565e-01 5.3396e-01 5.0477e-01 5.1217e-01 5.2081e-01 5.0346e-01 4.8222e-01 4.8580e-01 5.3321e-01 5.8807e-01 6.3076e-01 7.2798e-01 
 25 6.5947e-01 5.2405e-01 5.3588e-01 5.7934e-01 5.9020e-01 6.0004e-01 7.3772e-01 7.9264e-01 7.7033e-01 7.9211e-01 8.1545e-01 8.2945e-01 8.5448e-01 
 26 5.5008e-01 5.2815e-01 5.3331e-01 5.0834e-01 5.2040e-01 5.0003e-01 4.7620e-01 4.7016e-01 4.8861e-01 5.1467e-01 5.2665e-01 5.2529e-01 5.2728e-01 
 27 6.3388e-01 5.5303e-01 4.9783e-01 4.9186e-01 4.7842e-01 4.7778e-01 4.9182e-01 5.3336e-01 5.4856e-01 5.5591e-01 5.6484e-01 5.8296e-01 6.1099e-01 
 29 6.0000e-01 5.6135e-01 5.2603e-01 5.1365e-01 5.1866e-01 5.4796e-01 5.7106e-01 5.5456e-01 5.3993e-01 5.4161e-01 5.5231e-01 5.4988e-01 5.4335e-01 
 31 5.6509e-01 5.0307e-01 4.8045e-01 4.7382e-01 4.8407e-01 4.5657e-01 4.3138e-01 4.1456e-01 4.6767e-01 6.0176e-01 7.5131e-01 8.1298e-01 8.3011e-01 
 32 6.0908e-01 5.8602e-01 5.1694e-01 5.0797e-01 5.0696e-01 5.5480e-01 5.5968e-01 5.6540e-01 5.6004e-01 5.6995e-01 5.9493e-01 6.1710e-01 6.3547e-01 
 33 5.6211e-01 6.0962e-01 5.9780e-01 5.8080e-01 5.5928e-01 5.5656e-01 5.6035e-01 5.7051e-01 5.7542e-01 5.8424e-01 5.9468e-01 6.0631e-01 6.0792e-01 
 34 6.5896e-01 4.6765e-01 4.2537e-01 4.6491e-01 4.3509e-01 4.2442e-01 4.5073e-01 5.2179e-01 5.5382e-01 5.5329e-01 5.6088e-01 5.9849e-01 6.4565e-01 
 35 6.8972e-01 5.8077e-01 5.2286e-01 5.0784e-01 4.8894e-01 4.9941e-01 5.0416e-01 5.2526e-01 5.6263e-01 5.9771e-01 6.1604e-01 6.3844e-01 6.7381e-01 
 39 6.8792e-01 4.3872e-01 4.4074e-01 4.7013e-01 5.4425e-01 5.9517e-01 5.9799e-01 5.8655e-01 5.5418e-01 5.3909e-01 5.4800e-01 5.5232e-01 5.4244e-01 
 42 6.2438e-01 5.6115e-01 5.3992e-01 5.4850e-01 5.4441e-01 5.4270e-01 5.4397e-01 5.8951e-01 6.1514e-01 6.7111e-01 6.9726e-01 6.9386e-01 6.8614e-01 
 44 6.3125e-01 5.7172e-01 5.3040e-01 5.2911e-01 5.2354e-01 5.5206e-01 5.7179e-01 6.0938e-01 6.5371e-01 6.8260e-01 6.8963e-01 6.8414e-01 6.8915e-01 
 49 7.8856e-01 5.8337e-01 5.7407e-01 6.0054e-01 5.6472e-01 5.3126e-01 5.0603e-01 4.7761e-01 4.8046e-01 4.9768e-01 5.0759e-01 5.1467e-01 5.1719e-01 
 50 5.7502e-01 5.3672e-01 5.1508e-01 5.4933e-01 5.6190e-01 5.2295e-01 4.9394e-01 5.2146e-01 6.1028e-01 6.1590e-01 5.9057e-01 5.6769e-01 5.5252e-01 
 53 7.7484e-01 4.7091e-01 4.8120e-01 5.2717e-01 5.3747e-01 5.2810e-01 5.3618e-01 5.5983e-01 5.6397e-01 5.6171e-01 5.4877e-01 5.3809e-01 5.3026e-01 
 55 7.5780e-01 4.9259e-01 4.1677e-01 4.0211e-01 3.8572e-01 3.7893e-01 3.7913e-01 3.9393e-01 4.1020e-01 4.2930e-01 4.5211e-01 4.8618e-01 5.4143e-01 
 59 6.0946e-01 5.2702e-01 4.6841e-01 5.0826e-01 5.0501e-01 5.1931e-01 5.1886e-01 5.1852e-01 5.1847e-01 5.1314e-01 5.1829e-01 5.4988e-01 5.8622e-01 
 61 5.9134e-01 6.4985e-01 5.5541e-01 5.1103e-01 4.6856e-01 4.4408e-01 4.2745e-01 4.3181e-01 4.6874e-01 4.9626e-01 5.0884e-01 5.1645e-01 5.2506e-01 
 65 6.9695e-01 5.7201e-01 5.6337e-01 5.3361e-01 4.9745e-01 5.2562e-01 5.9489e-01 6.1776e-01 6.1393e-01 6.1729e-01 6.2023e-01 6.1891e-01 6.3547e-01 
 66 6.5990e-01 4.3999e-01 5.5834e-01 6.1131e-01 5.8646e-01 5.6770e-01 5.4084e-01 5.1810e-01 4.9890e-01 5.0133e-01 5.4938e-01 6.0618e-01 6.3426e-01 
 68 6.6431e-01 4.8236e-01 4.9830e-01 5.8065e-01 6.0699e-01 6.3086e-01 6.4598e-01 6.3832e-01 5.9750e-01 5.7858e-01 5.9932e-01 6.4509e-01 6.8812e-01 
 69 5.2628e-01 5.3460e-01 5.5490e-01 5.9190e-01 6.1828e-01 6.2783e-01 6.1846e-01 6.0382e-01 6.0569e-01 6.1371e-01 6.1366e-01 6.1213e-01 6.0453e-01 
 71 6.8690e-01 4.8687e-01 4.3992e-01 4.3754e-01 4.6267e-01 4.5899e-01 4.6381e-01 4.7299e-01 4.8211e-01 5.0325e-01 5.1213e-01 5.1175e-01 5.1237e-01 
 73 6.6499e-01 5.2410e-01 4.8680e-01 5.2978e-01 5.5791e-01 5.4765e-01 5.1360e-01 4.9485e-01 4.9204e-01 4.8241e-01 4.7830e-01 4.8940e-01 5.4610e-01 
 77 4.7056e-01 4.8595e-01 4.6495e-01 4.6956e-01 4.7033e-01 4.7776e-01 4.5971e-01 4.4320e-01 4.3992e-01 4.8106e-01 5.1218e-01 5.6544e-01 6.2121e-01 
 78 5.6059e-01 5.9878e-01 5.2651e-01 5.5418e-01 5.3556e-01 5.2593e-01 5.1145e-01 4.8628e-01 4.6589e-01 4.5683e-01 4.6664e-01 4.8530e-01 4.9831e-01 
 79 5.8883e-01 4.9904e-01 4.9699e-01 5.4356e-01 5.7690e-01 5.5682e-01 5.2445e-01 4.7705e-01 4.4526e-01 4.2873e-01 4.5518e-01 5.8980e-01 6.5585e-01 
 80 6.3060e-01 5.1186e-01 4.4628e-01 4.5991e-01 5.0500e-01 4.8504e-01 4.8717e-01 5.1218e-01 5.4499e-01 5.7878e-01 6.0883e-01 6.4395e-01 7.1659e-01 
 81 7.2183e-01 6.7149e-01 5.4084e-01 5.3101e-01 5.3692e-01 5.3003e-01 5.2234e-01 5.2590e-01 5.1072e-01 4.8990e-01 4.7525e-01 4.7110e-01 4.9957e-01 
 83 6.1159e-01 6.6377e-01 5.7550e-01 5.7161e-01 6.4297e-01 6.7336e-01 7.1240e-01 6.9120e-01 6.5509e-01 6.3184e-01 6.5002e-01 7.0041e-01 7.2408e-01 
 86 6.5488e-01 5.4696e-01 5.3901e-01 5.6426e-01 5.5746e-01 5.6448e-01 5.9913e-01 6.7848e-01 6.7864e-01 6.7747e-01 7.2150e-01 7.3493e-01 7.2950e-01 
 88 6.9470e-01 5.8544e-01 5.0932e-01 5.5544e-01 6.5063e-01 6.3090e-01 5.8806e-01 5.5281e-01 5.3872e-01 5.4944e-01 5.8529e-01 6.1541e-01 6.3818e-01 
 91 6.1451e-01 5.0533e-01 5.3639e-01 6.6249e-01 6.8494e-01 6.4163e-01 5.5557e-01 5.2464e-01 5.6281e-01 5.9424e-01 6.3190e-01 6.8853e-01 7.4200e-01 
 96 6.1576e-01 3.8727e-01 3.8379e-01 4.5712e-01 4.5992e-01 4.5513e-01 4.6360e-01 4.5849e-01 4.6249e-01 4.7126e-01 4.9556e-01 5.2580e-01 5.3852e-01 
104 6.5740e-01 4.0320e-01 3.9576e-01 4.3881e-01 4.7948e-01 4.9538e-01 5.1628e-01 5.0673e-01 5.0134e-01 5.1621e-01 5.2623e-01 5.3177e-01 5.4157e-01 
106 6.5553e-01 4.6707e-01 4.1810e-01 4.6016e-01 4.7159e-01 5.1826e-01 5.9046e-01 5.7724e-01 5.7269e-01 6.2293e-01 6.5897e-01 6.6461e-01 6.9108e-01 
125 6.0674e-01 5.2795e-01 4.4695e-01 3.9152e-01 3.7508e-01 3.7266e-01 3.7316e-01 4.0228e-01 4.6792e-01 5.0572e-01 5.1947e-01 5.2781e-01 5.4419e-01 
131 6.4472e-01 4.5667e-01 4.4564e-01 4.9650e-01 5.2054e-01 5.2875e-01 5.2320e-01 5.2128e-01 5.0949e-01 5.0252e-01 5.1005e-01 5.2642e-01 5.6256e-01 
132 8.1289e-01 4.9958e-01 4.4858e-01 4.4714e-01 4.3595e-01 4.2461e-01 4.4697e-01 4.8111e-01 5.1423e-01 5.4274e-01 5.4401e-01 5.3821e-01 5.4261e-01 
135 6.1155e-01 5.4253e-01 4.5536e-01 4.4916e-01 4.6079e-01 5.1845e-01 5.4777e-01 5.7936e-01 5.8965e-01 5.8262e-01 6.6682e-01 7.2575e-01 7.2335e-01 
146 7.1498e-01 5.5343e-01 5.3548e-01 5.7041e-01 5.0606e-01 4.6776e-01 4.8450e-01 5.2513e-01 5.7135e-01 5.6586e-01 5.5116e-01 5.4295e-01 5.3590e-01 
153 7.0126e-01 6.0793e-01 5.0864e-01 4.6642e-01 4.4719e-01 4.4660e-01 4.3806e-01 4.3508e-01 4.9598e-01 5.8432e-01 6.5274e-01 6.8487e-01 6.8444e-01 
156 7.4263e-01 5.3761e-01 4.7766e-01 4.7385e-01 4.4599e-01 4.2957e-01 4.6826e-01 4.8317e-01 4.7929e-01 4.6921e-01 4.6886e-01 4.6866e-01 4.6519e-01 
201 6.1224e-01 5.8399e-01 5.5961e-01 5.1586e-01 4.9458e-01 4.6273e-01 4.6095e-01 4.6141e-01 4.5981e-01 4.6207e-01 4.7130e-01 4.8283e-01 4.9564e-01 
284 6.9681e-01 4.6925e-01 4.6830e-01 4.9493e-01 4.7865e-01 4.8274e-01 4.8992e-01 5.0515e-01 4.9652e-01 4.9457e-01 5.0479e-01 5.1772e-01 5.3155e-01 
434 5.8812e-01 5.8222e-01 4.8707e-01 4.7711e-01 4.4243e-01 4.2243e-01 4.1284e-01 4.1780e-01 4.5616e-01 4.9231e-01 5.6388e-01 6.1084e-01 6.0853e-01 
