# CLid r/r200m: [ 0.1  0.2  0.3  0.4  0.5]
  1 4.3761e-01 4.4557e-01 4.7523e-01 4.8737e-01 5.2561e-01 
  2 4.6219e-01 5.5715e-01 5.9189e-01 5.9934e-01 5.8658e-01 
  3 5.2568e-01 5.3386e-01 6.5692e-01 6.3569e-01 6.5760e-01 
  4 4.5743e-01 4.5959e-01 4.8781e-01 5.6323e-01 6.3592e-01 
  6 5.2485e-01 5.1454e-01 5.1934e-01 5.7805e-01 6.3978e-01 
  7 5.1234e-01 6.0746e-01 6.3095e-01 6.7355e-01 6.5712e-01 
  9 7.3840e-01 6.5013e-01 6.1399e-01 6.0559e-01 6.6280e-01 
 10 7.3748e-01 5.7041e-01 5.5453e-01 5.6188e-01 6.3350e-01 
 11 4.7425e-01 4.2880e-01 4.4233e-01 4.4720e-01 5.0870e-01 
 13 6.5390e-01 5.9971e-01 6.0265e-01 5.6307e-01 6.1000e-01 
 14 5.7769e-01 4.7933e-01 4.6753e-01 4.7786e-01 5.4890e-01 
 16 4.8053e-01 6.0361e-01 7.0223e-01 6.9050e-01 7.9998e-01 
 17 4.5122e-01 4.1796e-01 4.1181e-01 4.3290e-01 4.5761e-01 
 21 5.9353e-01 6.4584e-01 7.7900e-01 7.9879e-01 8.4590e-01 
 23 5.2308e-01 5.1051e-01 4.9733e-01 5.1651e-01 6.3686e-01 
 25 5.5517e-01 5.9069e-01 7.9122e-01 8.1163e-01 8.6679e-01 
 26 4.9029e-01 5.1750e-01 4.7280e-01 5.2600e-01 5.3407e-01 
 27 4.7888e-01 4.7732e-01 5.3873e-01 5.6454e-01 6.2950e-01 
 29 4.8360e-01 5.2910e-01 5.5038e-01 5.5229e-01 5.4623e-01 
 31 4.3743e-01 4.8275e-01 4.1699e-01 6.1524e-01 8.2290e-01 
 32 5.0349e-01 5.1137e-01 5.6381e-01 5.7992e-01 6.4123e-01 
 33 5.9014e-01 5.5520e-01 5.7442e-01 5.9379e-01 6.0343e-01 
 34 4.2369e-01 4.2611e-01 5.2769e-01 5.5697e-01 6.5999e-01 
 35 5.7022e-01 4.8361e-01 5.1901e-01 6.0147e-01 6.6825e-01 
 39 4.5662e-01 5.6851e-01 5.8163e-01 5.4835e-01 5.3384e-01 
 42 4.9361e-01 5.4462e-01 5.8217e-01 6.8152e-01 6.8705e-01 
 44 5.1795e-01 5.2158e-01 5.9478e-01 6.9080e-01 6.8763e-01 
 49 5.8963e-01 5.5031e-01 4.7788e-01 5.0252e-01 5.1847e-01 
 50 5.1974e-01 5.3401e-01 5.7639e-01 5.7862e-01 5.4154e-01 
 53 4.7987e-01 5.3399e-01 5.6466e-01 5.4539e-01 5.4534e-01 
 55 4.8705e-01 3.7897e-01 3.8825e-01 4.3252e-01 5.3098e-01 
 59 4.5182e-01 5.0731e-01 5.2109e-01 5.1149e-01 5.7510e-01 
 61 5.3780e-01 4.6428e-01 4.2549e-01 4.9963e-01 5.2144e-01 
 65 6.0657e-01 4.9751e-01 6.2157e-01 6.1809e-01 6.3228e-01 
 66 5.5508e-01 5.8421e-01 5.3031e-01 5.0409e-01 6.2521e-01 
 68 5.3328e-01 6.1033e-01 6.5003e-01 5.7801e-01 6.8470e-01 
 69 5.1585e-01 6.2187e-01 6.1062e-01 6.1488e-01 6.0513e-01 
 71 4.3740e-01 4.6139e-01 4.7371e-01 5.1187e-01 5.2532e-01 
 73 5.1363e-01 5.6007e-01 4.9983e-01 4.8179e-01 5.4143e-01 
 77 4.7853e-01 4.7044e-01 4.5140e-01 4.8022e-01 5.9791e-01 
 78 4.8387e-01 5.2633e-01 4.8249e-01 4.6635e-01 5.0448e-01 
 79 4.6071e-01 5.7260e-01 4.9199e-01 4.2904e-01 6.4574e-01 
 80 4.6944e-01 5.0107e-01 4.8930e-01 5.6627e-01 6.5318e-01 
 81 5.8640e-01 5.3543e-01 5.2741e-01 4.8479e-01 4.9418e-01 
 83 5.7178e-01 6.4879e-01 6.9392e-01 6.3662e-01 7.2481e-01 
 86 5.1364e-01 5.6020e-01 6.7958e-01 7.0802e-01 7.3016e-01 
 88 5.1325e-01 6.5333e-01 5.5160e-01 5.7091e-01 6.4796e-01 
 91 5.1730e-01 6.8854e-01 5.2458e-01 6.1796e-01 7.5987e-01 
 96 4.0518e-01 4.5283e-01 4.5627e-01 4.9232e-01 5.4073e-01 
104 4.0738e-01 4.9076e-01 5.0396e-01 5.2780e-01 5.4062e-01 
106 4.4471e-01 4.7228e-01 5.8142e-01 6.4088e-01 6.9099e-01 
125 4.4640e-01 3.7385e-01 3.8422e-01 5.0589e-01 5.3523e-01 
131 4.5856e-01 5.2735e-01 5.1338e-01 5.1183e-01 6.0848e-01 
132 4.8495e-01 4.2931e-01 4.8388e-01 5.4610e-01 5.4808e-01 
135 4.6747e-01 4.6895e-01 5.6680e-01 5.9005e-01 7.2571e-01 
146 5.2995e-01 4.8365e-01 5.3948e-01 5.5159e-01 5.4084e-01 
153 4.7947e-01 4.4552e-01 4.5197e-01 6.6598e-01 6.8374e-01 
156 5.2045e-01 4.3672e-01 4.8362e-01 4.6964e-01 4.6556e-01 
201 5.1455e-01 4.7718e-01 4.6162e-01 4.6925e-01 5.0603e-01 
284 4.8056e-01 4.8649e-01 5.0503e-01 5.0167e-01 5.4262e-01 
434 4.8556e-01 4.3127e-01 4.1917e-01 5.5869e-01 6.2528e-01 
