# CLid r/r500c: [ 0.4  0.5  0.6]
  1 5.9776e-01 6.4660e-01 6.8257e-01 
  2 5.6159e-01 4.9708e-01 4.6891e-01 
  3 7.4874e-01 7.4452e-01 8.4454e-01 
  4 5.2804e-01 5.0962e-01 5.7009e-01 
  5 5.1267e-01 4.9113e-01 4.3220e-01 
  6 6.9452e-01 7.3927e-01 7.5913e-01 
  7 7.3771e-01 7.8880e-01 7.2898e-01 
  8 5.1499e-01 5.0824e-01 5.2328e-01 
  9 6.6275e-01 6.8730e-01 6.8770e-01 
 10 6.3439e-01 5.4802e-01 4.5484e-01 
 11 2.2135e-01 1.4294e-01 1.9043e-01 
 13 7.0188e-01 6.2093e-01 5.8877e-01 
 14 6.5046e-01 6.5578e-01 6.6952e-01 
 15 6.5126e-01 6.7120e-01 6.8406e-01 
 16 6.6753e-01 6.6559e-01 7.5863e-01 
 17 4.9448e-01 4.9126e-01 4.3385e-01 
 19 6.5778e-01 6.1640e-01 5.7116e-01 
 21 8.7198e-01 8.9081e-01 8.7157e-01 
 23 3.0588e-01 3.5750e-01 7.8945e-01 
 25 7.8981e-01 7.8531e-01 7.9970e-01 
 26 6.7087e-01 6.3039e-01 5.9344e-01 
 27 7.0896e-01 7.5843e-01 7.5322e-01 
 29 7.6728e-01 7.4494e-01 7.0498e-01 
 31 4.7441e-01 4.1556e-01 4.1100e-01 
 32 6.5170e-01 6.7771e-01 7.4048e-01 
 33 3.4524e-01 4.3552e-01 4.5699e-01 
 34 5.0292e-01 4.9132e-01 5.1163e-01 
 35 7.5124e-01 6.7520e-01 6.4261e-01 
 39 6.7340e-01 7.2969e-01 7.2190e-01 
 42 7.5587e-01 7.5914e-01 7.5514e-01 
 44 7.4015e-01 7.4691e-01 7.5636e-01 
 45 7.3929e-01 5.1311e-01 2.6743e-01 
 49 3.6841e-01 3.4218e-01 4.2792e-01 
 50 7.4512e-01 6.4652e-01 5.9960e-01 
 53 7.0038e-01 6.8444e-01 6.5446e-01 
 54 6.1611e-01 5.6927e-01 5.4272e-01 
 55 6.0693e-01 6.6027e-01 7.1881e-01 
 59 7.9761e-01 8.2187e-01 7.7084e-01 
 61 4.8334e-01 4.1565e-01 4.5123e-01 
 63 5.3004e-01 6.1814e-01 7.1714e-01 
 65 6.5257e-01 6.9265e-01 6.7192e-01 
 66 5.2469e-01 7.6893e-01 7.9234e-01 
 68 5.8031e-01 6.1143e-01 6.0510e-01 
 69 4.8158e-01 6.3640e-01 7.3188e-01 
 71 6.6736e-01 6.5434e-01 6.3892e-01 
 73 5.4005e-01 5.9424e-01 5.2547e-01 
 77 5.2981e-01 5.5078e-01 7.3353e-01 
 78 7.2890e-01 7.1042e-01 6.7029e-01 
 79 3.6334e-01 3.6807e-01 3.5475e-01 
 80 4.9825e-01 5.4033e-01 5.2439e-01 
 81 7.4256e-01 7.5151e-01 7.9989e-01 
 82 6.8925e-01 6.4268e-01 5.8136e-01 
 83 7.1581e-01 6.9811e-01 6.3897e-01 
 85 6.9425e-01 7.0196e-01 7.0301e-01 
 86 6.4407e-01 6.6897e-01 6.9141e-01 
 88 5.6914e-01 5.6845e-01 5.5052e-01 
 91 5.2863e-01 4.5182e-01 4.5762e-01 
 96 4.5010e-01 5.2189e-01 5.5901e-01 
 98 4.6335e-01 4.1801e-01 3.6843e-01 
100 8.3310e-01 8.0060e-01 7.2646e-01 
104 7.2020e-01 7.1921e-01 6.9261e-01 
106 8.3385e-01 7.8279e-01 7.1806e-01 
108 7.1839e-01 6.8655e-01 6.7155e-01 
125 5.6529e-01 6.9566e-01 7.4092e-01 
131 4.9873e-01 5.9191e-01 6.1277e-01 
132 4.6424e-01 4.6978e-01 5.2778e-01 
135 5.7931e-01 6.0163e-01 6.4539e-01 
140 7.5006e-01 7.6639e-01 7.2895e-01 
146 5.5845e-01 5.5174e-01 5.4459e-01 
149 7.6670e-01 7.7811e-01 7.6831e-01 
153 7.3505e-01 6.9466e-01 6.5188e-01 
156 7.2119e-01 7.0214e-01 7.1477e-01 
161 5.1416e-01 5.1460e-01 5.2912e-01 
175 7.2633e-01 7.3717e-01 7.4286e-01 
200 2.5973e-01 2.3817e-01 2.2079e-01 
201 5.6989e-01 5.9528e-01 5.8234e-01 
217 5.6567e-01 5.9471e-01 4.4519e-01 
223 6.5062e-01 7.1391e-01 7.1723e-01 
229 5.1854e-01 5.8778e-01 6.2526e-01 
248 7.3966e-01 7.5274e-01 7.9199e-01 
284 6.3184e-01 6.0217e-01 5.9561e-01 
298 4.8469e-01 4.2984e-01 4.4179e-01 
434 5.7511e-01 5.4134e-01 5.5335e-01 
471 6.3097e-01 5.4277e-01 5.4120e-01 
732 7.0673e-01 6.8351e-01 6.7857e-01 
