# CLid r/r500c: [ 0.15  0.2   0.25  0.3 ]
  1 5.9002e-01 5.7904e-01 5.7267e-01 5.7781e-01 
  2 5.4528e-01 5.5834e-01 6.0309e-01 5.9221e-01 
  3 6.3911e-01 6.1767e-01 6.5383e-01 7.0307e-01 
  4 4.6455e-01 5.2390e-01 5.7959e-01 5.6646e-01 
  5 5.1077e-01 5.4874e-01 5.8305e-01 5.8550e-01 
  6 6.5201e-01 6.5164e-01 6.5669e-01 6.7144e-01 
  7 6.4420e-01 6.6696e-01 6.3495e-01 6.6969e-01 
  8 4.1902e-01 4.7399e-01 5.1072e-01 5.4893e-01 
  9 6.3234e-01 6.8962e-01 7.3093e-01 7.2688e-01 
 10 7.4027e-01 7.2783e-01 6.8985e-01 6.4680e-01 
 11 5.4503e-01 4.9412e-01 4.1219e-01 3.5940e-01 
 13 7.4475e-01 7.3557e-01 7.1036e-01 7.2325e-01 
 14 5.8049e-01 6.3600e-01 6.6874e-01 6.1446e-01 
 15 7.0543e-01 6.7915e-01 6.7146e-01 6.6460e-01 
 16 5.7285e-01 5.8172e-01 6.1765e-01 6.3851e-01 
 17 2.2059e-01 3.1194e-01 3.8124e-01 4.2584e-01 
 19 6.1006e-01 5.8798e-01 5.9958e-01 6.7027e-01 
 21 7.7690e-01 8.0835e-01 8.2061e-01 8.1462e-01 
 23 3.5561e-01 4.9972e-01 6.7371e-01 6.0483e-01 
 25 6.4412e-01 6.6648e-01 7.0226e-01 7.6059e-01 
 26 6.9557e-01 6.6789e-01 6.0863e-01 5.8160e-01 
 27 5.9706e-01 6.9450e-01 7.1471e-01 7.1433e-01 
 29 6.8280e-01 6.3518e-01 5.8138e-01 5.9479e-01 
 31 5.3184e-01 5.4608e-01 5.3123e-01 4.9008e-01 
 32 6.4630e-01 6.6269e-01 6.6706e-01 6.5404e-01 
 33 4.5046e-01 3.9791e-01 3.5177e-01 3.2000e-01 
 34 4.8524e-01 5.5996e-01 5.9343e-01 5.8099e-01 
 35 1.3362e-01 4.0408e-01 5.8678e-01 6.1083e-01 
 39 6.3292e-01 6.7954e-01 6.7376e-01 6.5257e-01 
 42 7.2589e-01 7.3999e-01 7.4527e-01 7.5408e-01 
 44 6.6307e-01 7.1077e-01 7.1282e-01 7.3696e-01 
 45 3.7677e-02 5.1056e-02 5.1976e-01 5.0278e-01 
 49 5.8470e-01 5.0324e-01 4.3574e-01 4.3050e-01 
 50 6.1303e-01 6.8606e-01 8.1838e-01 8.4017e-01 
 53 6.1683e-01 6.3192e-01 6.5341e-01 6.5902e-01 
 54 4.8566e-01 5.5109e-01 5.8117e-01 6.0467e-01 
 55 4.9550e-01 4.6370e-01 5.0428e-01 5.3462e-01 
 59 6.1660e-01 6.9305e-01 7.4430e-01 6.8141e-01 
 61 3.8099e-01 4.4173e-01 5.3801e-01 5.6609e-01 
 63 5.9278e-01 5.6637e-01 5.2806e-01 5.1176e-01 
 65 2.3008e-01 2.9955e-01 3.4974e-01 5.1738e-01 
 66 4.2055e-01 5.4129e-01 5.3151e-01 4.7293e-01 
 68 2.7374e-01 3.1452e-01 4.2864e-01 5.7216e-01 
 69 6.0396e-01 5.2676e-01 4.9063e-01 4.6191e-01 
 71 5.7894e-01 5.7797e-01 5.6768e-01 6.2874e-01 
 73 1.9783e-01 1.5122e-01 2.5722e-01 4.3399e-01 
 77 2.7951e-01 4.4970e-01 3.7767e-01 2.6821e-01 
 78 4.1201e-01 5.1784e-01 5.6829e-01 6.2861e-01 
 79 6.3528e-03 1.1948e-01 1.8610e-01 1.7229e-01 
 80 2.5195e-02 4.4869e-02 1.4604e-01 2.6410e-01 
 81 4.1131e-01 6.7084e-01 6.3417e-01 6.5035e-01 
 82 6.6216e-01 8.4676e-01 7.8017e-01 7.1877e-01 
 83 6.9676e-01 7.1650e-01 6.9179e-01 6.2509e-01 
 85 6.6703e-01 6.8286e-01 6.9989e-01 6.7377e-01 
 86 7.3921e-01 6.9342e-01 6.1163e-01 6.2938e-01 
 88 6.0817e-01 5.9687e-01 6.7896e-01 6.7271e-01 
 91 3.1059e-01 2.5135e-01 2.5102e-01 3.7211e-01 
 96 5.4402e-01 4.7751e-01 4.2968e-01 4.9253e-01 
 98 4.9296e-01 4.4579e-01 3.5621e-01 4.0198e-01 
100 5.9907e-01 6.5588e-01 7.2928e-01 7.7015e-01 
104 5.4751e-01 6.0435e-01 6.6086e-01 6.7647e-01 
106 8.0537e-01 7.9368e-01 8.1961e-01 8.3323e-01 
108 6.0827e-01 6.5515e-01 7.6323e-01 7.8286e-01 
125 4.9677e-01 5.1120e-01 4.9879e-01 4.8896e-01 
131 1.0708e-01 2.2139e-01 2.4708e-01 2.5738e-01 
132 5.1100e-01 5.0958e-01 4.7899e-01 4.7667e-01 
135 5.5240e-01 5.8423e-01 6.0426e-01 6.0960e-01 
140 6.1509e-01 6.6841e-01 6.9028e-01 7.1203e-01 
146 6.1175e-01 5.6162e-01 5.2889e-01 5.5511e-01 
149 6.3772e-01 6.9098e-01 6.8855e-01 6.9210e-01 
153 5.7906e-01 7.6016e-01 7.9937e-01 7.9100e-01 
156 4.0720e-01 3.9457e-01 5.8779e-01 7.2614e-01 
161 5.3259e-01 4.9300e-01 4.4396e-01 4.8065e-01 
175 7.5421e-01 7.4729e-01 7.1664e-01 7.0351e-01 
200 7.0347e-01 6.6717e-01 6.6842e-01 6.9443e-01 
201 5.7968e-01 6.0612e-01 5.5627e-01 5.3053e-01 
217 2.5048e-01 2.3730e-01 2.8703e-01 3.4293e-01 
223 7.1323e-01 6.6633e-01 6.3286e-01 6.2531e-01 
229 5.2723e-01 5.0722e-01 5.0209e-01 4.8140e-01 
248 7.4064e-01 7.2048e-01 7.2660e-01 7.1274e-01 
284 6.9911e-01 7.5776e-01 7.0984e-01 6.7729e-01 
298 5.8118e-01 6.7180e-01 6.6980e-01 6.1875e-01 
434 6.4771e-01 6.6465e-01 6.0015e-01 6.0448e-01 
471 5.0246e-01 5.8400e-01 6.4753e-01 7.1700e-01 
732 5.7652e-01 5.6203e-01 5.7575e-01 6.1928e-01 
