# CLid r/r500c: [ 0.15  0.2   0.25  0.3 ]
  1 5.2999e-01 5.7953e-01 5.7241e-01 5.6678e-01 
  2 5.3048e-01 5.3355e-01 5.5434e-01 5.9495e-01 
  3 5.8187e-01 6.1249e-01 6.6963e-01 7.0343e-01 
  4 4.6670e-01 5.0659e-01 5.5682e-01 5.5379e-01 
  5 6.1189e-01 6.4143e-01 6.0466e-01 5.9198e-01 
  6 6.5513e-01 6.4846e-01 6.5352e-01 6.6187e-01 
  7 6.6075e-01 6.1606e-01 5.6945e-01 5.5242e-01 
  8 4.7118e-01 4.9548e-01 5.2017e-01 5.3010e-01 
  9 6.4162e-01 7.1229e-01 7.3343e-01 7.2240e-01 
 10 5.9080e-01 5.6672e-01 4.6230e-01 4.4441e-01 
 11 5.1411e-01 5.6765e-01 4.6729e-01 4.0095e-01 
 13 7.2545e-01 7.6749e-01 7.2497e-01 7.1255e-01 
 14 5.7724e-01 6.5631e-01 6.6731e-01 6.8619e-01 
 15 6.7473e-01 6.4498e-01 6.5854e-01 6.7239e-01 
 16 5.6633e-01 5.6995e-01 6.1096e-01 6.3556e-01 
 17 3.6578e-01 5.1699e-01 5.3684e-01 5.8165e-01 
 19 5.8666e-01 5.9577e-01 5.8251e-01 6.7029e-01 
 21 7.7044e-01 8.0510e-01 8.2432e-01 8.1464e-01 
 23 5.7353e-01 6.5844e-01 6.1887e-01 5.4946e-01 
 25 6.4896e-01 6.5760e-01 6.9529e-01 7.5674e-01 
 26 6.2000e-01 5.9171e-01 5.8176e-01 5.6867e-01 
 27 6.0966e-01 6.8652e-01 7.0766e-01 7.0895e-01 
 29 6.5800e-01 6.1356e-01 5.7640e-01 5.7162e-01 
 31 5.3951e-01 5.3670e-01 5.1146e-01 4.7656e-01 
 32 6.8058e-01 6.9550e-01 6.7132e-01 6.3938e-01 
 33 2.4128e-01 3.4449e-01 4.0437e-01 3.7113e-01 
 34 4.5339e-01 4.9621e-01 5.4316e-01 5.4042e-01 
 35 3.1878e-01 2.5638e-01 2.0441e-01 1.6950e-01 
 39 6.7253e-01 6.9526e-01 6.6258e-01 6.5504e-01 
 42 7.2465e-01 7.4210e-01 7.4098e-01 7.5309e-01 
 44 6.7901e-01 6.8901e-01 6.9095e-01 7.1685e-01 
 45 2.2999e-01 2.3657e-01 3.3032e-01 3.6186e-01 
 49 4.5480e-01 4.4143e-01 4.0346e-01 3.5030e-01 
 50 5.3779e-01 6.1741e-01 7.5641e-01 8.0785e-01 
 53 6.2908e-01 6.3654e-01 6.4408e-01 6.6316e-01 
 54 6.6735e-01 6.2874e-01 6.1323e-01 6.2915e-01 
 55 4.8066e-01 4.9293e-01 5.7912e-01 5.8820e-01 
 59 3.4703e-01 9.4541e-03 2.4330e-01 4.5108e-01 
 61 5.7535e-01 5.7290e-01 5.1539e-01 4.7007e-01 
 63 4.7698e-01 4.5623e-01 4.3020e-01 4.6697e-01 
 65 5.3916e-01 4.6356e-01 4.0607e-01 4.9236e-01 
 66 4.0144e-01 3.2073e-01 3.7849e-01 3.7888e-01 
 68 4.0714e-01 3.1413e-01 3.3840e-01 4.5037e-01 
 69 5.9616e-01 4.9647e-01 4.6940e-01 4.5129e-01 
 71 6.0467e-01 6.0746e-01 5.9288e-01 6.1553e-01 
 73 4.2446e-01 4.3703e-01 3.4945e-01 3.0582e-01 
 77 3.1198e-01 5.2967e-01 6.1277e-01 4.3352e-01 
 78 4.9221e-01 4.6106e-01 4.5152e-01 5.6148e-01 
 79 3.0234e-01 3.8406e-01 4.0964e-01 4.0346e-01 
 80 4.6376e-01 3.8758e-01 3.8797e-01 4.2825e-01 
 81 3.6093e-01 3.0366e-01 2.6454e-01 2.4952e-01 
 82 7.4145e-01 7.5180e-01 7.6131e-01 7.3211e-01 
 83 5.1342e-01 6.9274e-01 7.3085e-01 7.1234e-01 
 85 6.6051e-01 6.8218e-01 6.9976e-01 6.7839e-01 
 86 6.8998e-01 7.0969e-01 6.0343e-01 5.9577e-01 
 88 6.2461e-01 5.8862e-01 5.7611e-01 6.1670e-01 
 91 3.4928e-01 3.7714e-01 3.1666e-01 3.2424e-01 
 96 4.6776e-01 4.1542e-01 4.7579e-01 4.9999e-01 
 98 5.9168e-01 4.8379e-01 3.9365e-01 4.1992e-01 
100 6.9346e-01 7.2289e-01 6.9430e-01 7.5656e-01 
104 5.4463e-01 6.0555e-01 6.5350e-01 6.8234e-01 
106 6.7211e-01 7.2147e-01 7.7361e-01 8.3784e-01 
108 6.5496e-01 7.2596e-01 7.9478e-01 7.7612e-01 
125 5.9510e-01 5.4332e-01 5.8036e-01 5.5157e-01 
131 5.6896e-01 4.2830e-01 3.1420e-01 3.7093e-01 
132 6.0852e-01 5.1972e-01 5.0126e-01 4.7324e-01 
135 5.6994e-01 5.9931e-01 6.0330e-01 5.9976e-01 
140 5.9099e-01 6.4766e-01 6.5615e-01 6.9623e-01 
146 5.9558e-01 5.7583e-01 5.1073e-01 5.3504e-01 
149 6.2537e-01 6.0122e-01 6.4114e-01 6.3168e-01 
153 6.5947e-01 6.0958e-01 5.9622e-01 6.0871e-01 
156 4.6765e-01 3.5675e-01 3.9191e-01 4.3211e-01 
161 5.4154e-01 4.7143e-01 4.8901e-01 5.3903e-01 
175 7.3500e-01 7.3748e-01 7.2147e-01 7.0113e-01 
200 7.0451e-01 6.8721e-01 6.8219e-01 6.9205e-01 
201 5.6497e-01 5.7489e-01 5.2946e-01 5.3485e-01 
217 4.8053e-01 4.9127e-01 4.9186e-01 4.4198e-01 
223 6.9241e-01 6.5670e-01 6.1795e-01 6.0946e-01 
229 5.9345e-01 5.0244e-01 5.0464e-01 5.4595e-01 
248 7.0469e-01 7.1018e-01 7.1413e-01 7.1239e-01 
284 8.3242e-01 8.3477e-01 7.4654e-01 6.6383e-01 
298 8.2388e-01 8.0555e-01 7.4183e-01 6.5377e-01 
434 6.7765e-01 5.9467e-01 6.3038e-01 6.1705e-01 
471 6.5877e-01 5.8485e-01 5.0618e-01 4.5496e-01 
732 5.4592e-01 5.9357e-01 5.8894e-01 5.7942e-01 
