# 0:id 1:R500c [kpc/h] 2:M500c [Msun/h] 3:Lx [erg/s] 4:Tx [keV] 5:Mgas [Msun/h] 6:Yx [keV Msun/h]
   1   887.268   4.058e+14   3.996e+44   4.927e+00   6.751e+13   3.326e+14
   2   811.369   3.103e+14   2.719e+44   3.699e+00   5.000e+13   1.850e+14
   3  1285.382   1.234e+15   1.402e+45   1.124e+01   2.113e+14   2.374e+15
   4   819.008   3.192e+14   3.730e+44   3.943e+00   5.531e+13   2.181e+14
   5   800.461   2.980e+14   2.591e+44   3.009e+00   5.236e+13   1.575e+14
   6   854.182   3.621e+14   3.437e+44   5.099e+00   6.051e+13   3.085e+14
   7   887.236   4.058e+14   6.540e+44   5.746e+00   6.922e+13   3.978e+14
   8   597.070   1.237e+14   1.210e+44   1.944e+00   2.027e+13   3.941e+13
   9   955.818   5.073e+14   4.315e+44   5.099e+00   8.612e+13   4.392e+14
  10   816.906   3.167e+14   2.453e+44   3.020e+00   5.174e+13   1.563e+14
  11   823.177   3.241e+14   3.848e+44   2.989e+00   5.970e+13   1.784e+14
  13  1084.223   7.405e+14   8.943e+44   5.593e+00   1.243e+14   6.953e+14
  14  1055.043   6.823e+14   7.958e+44   8.545e+00   1.196e+14   1.022e+15
  15   753.312   2.484e+14   2.788e+44   3.686e+00   4.402e+13   1.623e+14
  16   876.693   3.915e+14   3.974e+44   5.291e+00   6.440e+13   3.408e+14
  17   885.979   4.040e+14   3.601e+44   3.772e+00   6.871e+13   2.592e+14
  19   746.885   2.421e+14   2.321e+44   3.445e+00   4.115e+13   1.418e+14
  21   901.608   4.258e+14   4.058e+44   5.465e+00   6.641e+13   3.629e+14
  23   932.987   4.718e+14   5.242e+44   4.112e+00   7.928e+13   3.260e+14
  25   813.061   3.123e+14   2.399e+44   4.325e+00   5.052e+13   2.185e+14
  26   977.801   5.431e+14   5.504e+44   5.402e+00   9.178e+13   4.958e+14
  27   856.582   3.651e+14   4.044e+44   5.018e+00   6.303e+13   3.163e+14
  29   931.096   4.690e+14   5.227e+44   6.062e+00   8.213e+13   4.979e+14
  31   935.693   4.759e+14   4.262e+44   4.173e+00   7.676e+13   3.203e+14
  32   940.301   4.830e+14   4.430e+44   5.397e+00   7.742e+13   4.178e+14
  33  1031.280   6.372e+14   4.086e+44   5.506e+00   1.023e+14   5.631e+14
  34   870.865   3.837e+14   3.726e+44   4.001e+00   6.319e+13   2.529e+14
  35   807.086   3.054e+14   5.104e+44   4.303e+00   5.123e+13   2.205e+14
  39   823.468   3.244e+14   3.412e+44   4.600e+00   5.624e+13   2.587e+14
  42   962.835   5.186e+14   5.343e+44   6.071e+00   8.765e+13   5.321e+14
  44   852.050   3.594e+14   3.726e+44   4.616e+00   5.732e+13   2.646e+14
  45   747.689   2.428e+14   2.766e+44   2.801e+00   4.119e+13   1.154e+14
  49   829.657   3.318e+14   3.417e+44   3.755e+00   5.837e+13   2.192e+14
  50  1028.637   6.323e+14   5.906e+44   6.342e+00   1.073e+14   6.807e+14
  53   821.866   3.225e+14   3.065e+44   4.280e+00   5.663e+13   2.423e+14
  54   772.193   2.675e+14   2.229e+44   3.601e+00   4.550e+13   1.638e+14
  55   810.287   3.091e+14   3.202e+44   3.311e+00   5.193e+13   1.719e+14
  59   969.801   5.299e+14   1.097e+45   6.393e+00   9.202e+13   5.883e+14
  61   988.834   5.617e+14   4.903e+44   4.061e+00   9.368e+13   3.804e+14
  63   879.618   3.954e+14   4.428e+44   5.066e+00   6.898e+13   3.495e+14
  65   832.370   3.350e+14   3.700e+44   4.237e+00   5.712e+13   2.420e+14
  66   813.877   3.132e+14   5.488e+44   4.177e+00   5.284e+13   2.207e+14
  68   816.300   3.160e+14   3.253e+44   3.377e+00   5.412e+13   1.828e+14
  69  1049.880   6.723e+14   5.291e+44   6.487e+00   1.108e+14   7.186e+14
  71   824.423   3.255e+14   3.128e+44   4.333e+00   5.242e+13   2.272e+14
  73   848.783   3.553e+14   3.593e+44   3.316e+00   5.820e+13   1.930e+14
  77  1217.382   1.048e+15   1.336e+45   9.058e+00   1.736e+14   1.572e+15
  78   857.622   3.665e+14   2.364e+44   4.095e+00   5.735e+13   2.348e+14
  79   972.014   5.336e+14   5.887e+44   4.681e+00   9.251e+13   4.331e+14
  80   909.229   4.367e+14   8.248e+44   3.969e+00   7.430e+13   2.949e+14
  81   845.170   3.507e+14   9.583e+44   6.012e+00   6.302e+13   3.789e+14
  82   679.279   1.821e+14   1.508e+44   2.428e+00   2.843e+13   6.903e+13
  83   878.792   3.943e+14   3.505e+44   4.652e+00   6.545e+13   3.045e+14
  85   777.499   2.731e+14   2.530e+44   4.142e+00   4.646e+13   1.924e+14
  86   864.098   3.748e+14   3.695e+44   4.592e+00   6.246e+13   2.868e+14
  88   857.341   3.661e+14   3.855e+44   4.635e+00   6.184e+13   2.866e+14
  91   847.799   3.540e+14   2.713e+44   3.379e+00   5.806e+13   1.962e+14
  96   808.069   3.066e+14   2.897e+44   4.425e+00   5.122e+13   2.267e+14
  98   800.764   2.983e+14   2.361e+44   3.441e+00   5.090e+13   1.751e+14
 100   571.439   1.084e+14   1.137e+44   1.965e+00   1.821e+13   3.579e+13
 104   819.074   3.192e+14   3.732e+44   4.544e+00   5.422e+13   2.464e+14
 106   847.744   3.540e+14   3.627e+44   3.657e+00   5.991e+13   2.191e+14
 108   671.777   1.761e+14   1.487e+44   2.547e+00   2.837e+13   7.225e+13
 125   964.349   5.210e+14   6.571e+44   6.839e+00   8.704e+13   5.953e+14
 131   811.452   3.104e+14   2.543e+44   3.689e+00   5.451e+13   2.011e+14
 132   812.208   3.113e+14   2.814e+44   3.938e+00   5.253e+13   2.069e+14
 135   875.088   3.893e+14   4.227e+44   5.237e+00   6.611e+13   3.462e+14
 140   693.598   1.939e+14   1.935e+44   3.080e+00   3.276e+13   1.009e+14
 146   822.576   3.234e+14   3.000e+44   3.555e+00   5.485e+13   1.950e+14
 149   604.239   1.282e+14   1.341e+44   2.337e+00   2.251e+13   5.262e+13
 153   908.024   4.350e+14   4.456e+44   5.283e+00   7.723e+13   4.080e+14
 156   825.462   3.268e+14   6.353e+44   5.627e+00   5.917e+13   3.330e+14
 161   631.205   1.461e+14   1.235e+44   2.461e+00   2.413e+13   5.939e+13
 175   642.829   1.543e+14   1.414e+44   2.573e+00   2.598e+13   6.685e+13
 200   729.595   2.256e+14   2.453e+44   3.532e+00   4.096e+13   1.447e+14
 201   894.031   4.152e+14   4.511e+44   4.385e+00   7.075e+13   3.102e+14
 217   934.833   4.746e+14   4.730e+44   4.459e+00   8.038e+13   3.584e+14
 223   611.336   1.327e+14   1.346e+44   2.426e+00   2.272e+13   5.513e+13
 229   785.624   2.817e+14   1.959e+44   3.889e+00   4.685e+13   1.822e+14
 248   701.803   2.008e+14   1.596e+44   3.240e+00   3.282e+13   1.063e+14
 284   816.324   3.160e+14   3.031e+44   3.577e+00   5.208e+13   1.863e+14
 298   783.729   2.797e+14   2.216e+44   3.834e+00   4.888e+13   1.874e+14
 434   911.061   4.393e+14   2.840e+44   3.835e+00   6.836e+13   2.622e+14
 471   675.607   1.792e+14   1.381e+44   3.030e+00   2.846e+13   8.622e+13
 732   646.201   1.568e+14   1.407e+44   2.806e+00   2.597e+13   7.287e+13
