# CLid r/r200m: [ 0.1  0.2  0.3  0.4  0.5]
  1 5.7949e-01 6.6439e-01 7.2300e-01 7.9531e-01 8.0227e-01 
  2 5.8535e-01 4.9300e-01 5.5188e-01 6.7380e-01 7.2626e-01 
  3 6.8515e-01 7.5616e-01 8.0847e-01 8.5830e-01 8.8010e-01 
  4 5.7491e-01 5.4139e-01 5.8393e-01 5.8145e-01 5.7254e-01 
  6 6.7946e-01 7.5539e-01 7.7782e-01 8.2403e-01 8.1639e-01 
  7 5.5717e-01 6.8494e-01 6.6209e-01 6.2705e-01 6.5110e-01 
  9 7.3834e-01 6.7066e-01 7.1308e-01 6.3785e-01 6.0432e-01 
 10 4.3989e-01 3.0092e-01 2.4669e-01 5.5644e-01 7.8917e-01 
 11 4.3397e-01 1.3909e-01 5.2542e-01 6.3902e-01 6.9517e-01 
 13 7.4314e-01 5.9754e-01 4.8771e-01 6.8239e-01 8.6788e-01 
 14 6.5960e-01 6.4027e-01 7.6075e-01 7.5828e-01 7.3757e-01 
 16 6.2203e-01 7.0389e-01 8.7869e-01 8.4312e-01 8.4316e-01 
 17 5.5010e-01 4.5741e-01 3.5743e-01 4.4929e-01 7.8173e-01 
 21 8.3074e-01 8.9092e-01 8.9851e-01 8.5461e-01 8.1625e-01 
 23 6.2009e-01 4.0797e-01 1.8546e-01 4.6164e-01 8.4491e-01 
 25 7.4074e-01 8.0558e-01 7.7570e-01 8.5640e-01 8.5579e-01 
 26 5.6866e-01 6.3877e-01 6.9344e-01 7.7176e-01 7.1870e-01 
 27 7.0821e-01 7.5760e-01 7.4943e-01 7.5473e-01 7.0932e-01 
 29 5.5013e-01 7.1256e-01 6.4919e-01 7.2281e-01 7.4880e-01 
 31 5.0927e-01 4.3890e-01 4.8388e-01 6.8663e-01 7.8397e-01 
 32 6.7381e-01 6.6203e-01 7.8059e-01 7.6561e-01 7.7731e-01 
 33 4.2030e-01 4.0416e-01 4.8451e-01 5.9383e-01 6.4478e-01 
 34 5.3387e-01 4.7965e-01 5.3496e-01 6.2428e-01 7.5755e-01 
 35 2.0070e-01 1.7694e-01 8.0226e-01 9.2609e-01 8.8552e-01 
 39 6.7272e-01 7.1914e-01 7.3033e-01 7.9421e-01 8.5487e-01 
 42 7.4025e-01 7.6076e-01 7.5035e-01 8.2879e-01 8.2499e-01 
 44 6.9324e-01 7.4877e-01 7.6799e-01 7.7912e-01 7.8059e-01 
 49 3.8136e-01 3.1111e-01 6.6738e-01 7.8157e-01 8.1466e-01 
 50 8.0146e-01 6.0520e-01 5.3564e-01 5.3060e-01 5.6768e-01 
 53 6.5951e-01 6.4875e-01 6.4694e-01 6.4815e-01 6.6269e-01 
 55 5.7040e-01 6.1148e-01 7.7439e-01 8.1109e-01 8.3119e-01 
 59 1.5788e-01 8.5733e-01 8.1663e-01 7.4430e-01 7.0662e-01 
 61 5.1453e-01 3.7732e-01 4.2672e-01 4.8298e-01 6.5177e-01 
 65 4.2509e-01 6.5300e-01 8.3713e-01 7.6713e-01 7.8769e-01 
 66 3.9660e-01 3.0422e-01 5.4119e-01 7.9659e-01 7.9212e-01 
 68 3.5127e-01 5.3258e-01 6.4781e-01 6.5604e-01 7.1054e-01 
 69 4.6640e-01 6.4898e-01 8.0991e-01 9.3541e-01 8.7487e-01 
 71 6.1398e-01 6.4278e-01 6.2689e-01 6.6574e-01 7.1209e-01 
 73 3.2243e-01 5.8962e-01 3.2119e-01 4.5040e-01 7.3953e-01 
 77 6.4773e-01 6.4405e-01 7.9318e-01 8.6473e-01 8.7408e-01 
 78 5.5984e-01 7.1029e-01 5.8492e-01 5.8058e-01 5.8148e-01 
 79 4.3666e-01 4.7091e-01 6.3244e-01 8.4690e-01 7.5393e-01 
 80 3.9942e-01 3.4522e-01 5.4532e-01 5.0648e-01 5.5861e-01 
 81 2.4005e-01 8.2696e-01 8.7317e-01 8.2426e-01 8.1166e-01 
 83 7.3159e-01 7.7081e-01 7.5726e-01 8.1502e-01 9.1314e-01 
 86 5.8546e-01 6.8643e-01 8.0389e-01 7.9178e-01 8.6018e-01 
 88 5.6337e-01 5.6725e-01 6.3652e-01 8.2049e-01 8.6054e-01 
 91 3.1582e-01 3.6879e-01 6.2549e-01 5.6552e-01 7.1932e-01 
 96 5.0885e-01 5.5829e-01 6.6579e-01 6.3563e-01 6.4939e-01 
104 6.7089e-01 7.0368e-01 7.1006e-01 6.9418e-01 7.0645e-01 
106 8.1641e-01 7.6820e-01 5.7565e-01 4.7052e-01 7.9246e-01 
125 5.7472e-01 7.0066e-01 8.3894e-01 8.9896e-01 8.3601e-01 
131 3.4961e-01 5.5933e-01 5.6395e-01 8.8994e-01 7.9369e-01 
132 4.9972e-01 4.5915e-01 5.7890e-01 6.2159e-01 6.4766e-01 
135 6.2148e-01 6.1520e-01 7.2483e-01 8.6226e-01 9.1409e-01 
146 5.2796e-01 5.3560e-01 5.2241e-01 5.8068e-01 6.4911e-01 
153 5.9794e-01 6.6967e-01 5.9043e-01 6.4711e-01 7.0068e-01 
156 4.8115e-01 7.7985e-01 7.9007e-01 7.9771e-01 7.9923e-01 
201 5.3096e-01 5.9393e-01 6.3407e-01 6.9732e-01 6.9266e-01 
284 7.2538e-01 5.7057e-01 6.5602e-01 6.3631e-01 5.9369e-01 
434 6.4896e-01 5.7914e-01 8.6718e-01 7.4835e-01 5.9660e-01 
