# CLid r/r200m: [ 0.6  0.7  0.8  0.9  1. ]
  1 8.2887e-01 9.2037e-01 8.8236e-01 8.3242e-01 7.7816e-01 
  2 7.5207e-01 7.0655e-01 6.9160e-01 6.3250e-01 5.5871e-01 
  3 8.5412e-01 8.0923e-01 7.8597e-01 8.0514e-01 7.8323e-01 
  4 6.6141e-01 7.5116e-01 7.8816e-01 7.3827e-01 6.8817e-01 
  6 8.3673e-01 8.5922e-01 8.5667e-01 8.4854e-01 7.8060e-01 
  7 7.1637e-01 7.0441e-01 6.5606e-01 6.0839e-01 5.6966e-01 
  9 7.1996e-01 7.3124e-01 7.6172e-01 7.6532e-01 6.9500e-01 
 10 7.7754e-01 8.3152e-01 8.4814e-01 8.0755e-01 7.2818e-01 
 11 6.4972e-01 5.7347e-01 4.9751e-01 4.4532e-01 4.2315e-01 
 13 8.7045e-01 8.6568e-01 8.5748e-01 8.0317e-01 7.5469e-01 
 14 8.3531e-01 8.5237e-01 8.9415e-01 8.7306e-01 8.3611e-01 
 16 8.5889e-01 7.9289e-01 6.7080e-01 6.1902e-01 6.0980e-01 
 17 9.0011e-01 8.4643e-01 7.7253e-01 7.4677e-01 7.2358e-01 
 21 8.5351e-01 8.8777e-01 9.1494e-01 8.7574e-01 8.5631e-01 
 23 8.7515e-01 8.5883e-01 7.9084e-01 7.2826e-01 6.5251e-01 
 25 9.2020e-01 9.1358e-01 9.0210e-01 8.9122e-01 8.4124e-01 
 26 6.7740e-01 6.9450e-01 6.8199e-01 6.8320e-01 6.6893e-01 
 27 6.9340e-01 6.9337e-01 7.0581e-01 7.1644e-01 7.2109e-01 
 29 7.0541e-01 6.7580e-01 6.7880e-01 6.9669e-01 6.8940e-01 
 31 7.6824e-01 7.9176e-01 8.1321e-01 8.2712e-01 7.6898e-01 
 32 7.4771e-01 7.9056e-01 8.0585e-01 7.7225e-01 7.4081e-01 
 33 7.0680e-01 7.7398e-01 8.2650e-01 8.4522e-01 8.2111e-01 
 34 8.7465e-01 8.6746e-01 8.8880e-01 9.1308e-01 9.0866e-01 
 35 8.0500e-01 7.5164e-01 6.9389e-01 6.3484e-01 5.7472e-01 
 39 8.0475e-01 8.0474e-01 8.1074e-01 7.8499e-01 7.2997e-01 
 42 8.4812e-01 8.4319e-01 8.2198e-01 8.1478e-01 8.1134e-01 
 44 7.7310e-01 7.7212e-01 7.8480e-01 8.2725e-01 8.2740e-01 
 49 9.1194e-01 9.2858e-01 9.0493e-01 8.2583e-01 7.7359e-01 
 50 5.6263e-01 5.8965e-01 6.1742e-01 6.1919e-01 6.0766e-01 
 53 6.8319e-01 6.9669e-01 7.4553e-01 7.2593e-01 6.7633e-01 
 55 7.4382e-01 6.8424e-01 6.4141e-01 5.8392e-01 5.3176e-01 
 59 6.8520e-01 6.1765e-01 5.5730e-01 5.1062e-01 4.7518e-01 
 61 8.1466e-01 9.0581e-01 8.3046e-01 8.1081e-01 8.2874e-01 
 65 8.2492e-01 8.2919e-01 8.4243e-01 8.8741e-01 8.6637e-01 
 66 7.9648e-01 7.9324e-01 7.2486e-01 6.3905e-01 5.8773e-01 
 68 7.1839e-01 6.8691e-01 7.9202e-01 8.3487e-01 8.1666e-01 
 69 8.8376e-01 8.6253e-01 8.2444e-01 7.7605e-01 7.3332e-01 
 71 6.7536e-01 6.8186e-01 7.3613e-01 7.2539e-01 7.1278e-01 
 73 8.7390e-01 7.8070e-01 6.7690e-01 5.9845e-01 5.3346e-01 
 77 8.3511e-01 7.8770e-01 7.6379e-01 7.5345e-01 7.5309e-01 
 78 6.8392e-01 7.6424e-01 7.9679e-01 7.9359e-01 7.4052e-01 
 79 7.4204e-01 7.6430e-01 7.6628e-01 7.4641e-01 7.1305e-01 
 80 6.2496e-01 6.5640e-01 6.6041e-01 6.5004e-01 6.0426e-01 
 81 7.6019e-01 6.9738e-01 6.4181e-01 6.0856e-01 5.8949e-01 
 83 8.9796e-01 8.9029e-01 8.6355e-01 8.3117e-01 7.9583e-01 
 86 8.2310e-01 8.2119e-01 8.1916e-01 8.2629e-01 8.2818e-01 
 88 8.6944e-01 8.3590e-01 8.4117e-01 8.4929e-01 8.1794e-01 
 91 7.4799e-01 7.8429e-01 7.5744e-01 6.7295e-01 5.6664e-01 
 96 7.5263e-01 8.5065e-01 8.4384e-01 8.5501e-01 8.9496e-01 
104 7.8147e-01 7.6148e-01 7.6323e-01 7.2027e-01 6.3766e-01 
106 8.8780e-01 8.3422e-01 7.7245e-01 7.3758e-01 7.4019e-01 
125 8.2799e-01 8.2104e-01 7.7632e-01 7.3957e-01 7.1495e-01 
131 7.1394e-01 6.9139e-01 6.6990e-01 6.3344e-01 6.4689e-01 
132 7.1297e-01 7.4757e-01 7.3468e-01 7.7633e-01 8.3006e-01 
135 8.7182e-01 8.7832e-01 8.4974e-01 8.0206e-01 7.6555e-01 
146 6.3523e-01 6.8917e-01 7.3386e-01 7.0428e-01 6.6856e-01 
153 7.9781e-01 8.0512e-01 7.9681e-01 7.5530e-01 7.2447e-01 
156 7.3820e-01 7.3403e-01 7.3176e-01 7.0684e-01 6.7528e-01 
201 7.1207e-01 7.7710e-01 7.9508e-01 7.5946e-01 7.0081e-01 
284 5.9726e-01 6.2812e-01 7.2202e-01 7.3154e-01 7.3657e-01 
434 6.1943e-01 6.9579e-01 6.9615e-01 7.0671e-01 6.8988e-01 
