# CLid r/r500c: [ 0.2  0.3  0.4  0.5  0.6]
  1 5.7990e-01 5.6929e-01 5.8595e-01 6.4025e-01 6.8834e-01 
  2 5.2821e-01 5.9117e-01 5.6632e-01 5.0302e-01 4.7696e-01 
  3 6.1008e-01 7.2681e-01 7.4992e-01 7.5509e-01 8.3153e-01 
  4 5.1298e-01 5.5111e-01 5.2620e-01 5.1607e-01 5.6985e-01 
  5 6.3084e-01 5.8509e-01 5.1199e-01 4.9805e-01 4.3286e-01 
  6 6.4920e-01 6.6313e-01 6.9206e-01 7.4055e-01 7.5968e-01 
  7 6.1326e-01 5.4814e-01 6.7169e-01 6.9068e-01 6.8785e-01 
  8 4.9662e-01 5.2223e-01 4.9605e-01 4.9660e-01 5.1691e-01 
  9 7.1747e-01 7.2353e-01 6.8888e-01 6.6303e-01 6.8240e-01 
 10 5.8823e-01 4.2580e-01 4.5403e-01 3.5213e-01 2.2636e-01 
 11 5.8708e-01 3.9417e-01 1.6775e-01 1.3190e-01 1.7857e-01 
 13 7.7010e-01 7.1435e-01 7.0320e-01 6.0422e-01 5.9344e-01 
 14 6.5885e-01 6.8608e-01 6.0175e-01 6.3440e-01 6.5357e-01 
 15 6.4797e-01 6.7309e-01 6.6022e-01 6.6472e-01 6.6772e-01 
 16 5.8195e-01 6.3677e-01 6.6687e-01 6.6389e-01 7.5990e-01 
 17 5.0818e-01 5.7632e-01 5.5585e-01 4.7405e-01 4.2312e-01 
 19 5.9670e-01 6.7748e-01 6.5997e-01 6.1756e-01 5.7165e-01 
 21 8.1631e-01 8.1893e-01 8.7487e-01 8.9304e-01 8.7382e-01 
 23 6.6889e-01 5.4715e-01 6.0660e-01 3.9672e-01 2.8421e-01 
 25 6.6317e-01 7.5917e-01 7.8047e-01 7.9143e-01 8.0258e-01 
 26 5.9213e-01 5.6998e-01 6.3247e-01 6.5982e-01 6.1738e-01 
 27 6.8073e-01 7.0671e-01 7.1190e-01 7.5945e-01 7.5136e-01 
 29 6.0473e-01 5.6738e-01 7.4615e-01 7.2845e-01 6.9365e-01 
 31 5.3881e-01 4.8269e-01 4.6085e-01 4.4053e-01 3.6482e-01 
 32 6.9258e-01 6.4039e-01 6.3970e-01 6.5189e-01 7.2013e-01 
 33 3.2802e-01 3.7319e-01 3.8407e-01 4.3698e-01 4.0114e-01 
 34 4.8508e-01 5.3866e-01 4.7940e-01 4.8563e-01 5.1416e-01 
 35 2.5154e-01 1.7398e-01 1.0494e-01 1.4606e-01 5.2916e-01 
 39 6.9400e-01 6.5789e-01 6.5997e-01 6.9432e-01 7.2946e-01 
 42 7.4697e-01 7.4916e-01 7.5726e-01 7.5924e-01 7.5523e-01 
 44 6.8791e-01 7.1865e-01 7.3350e-01 7.4357e-01 7.3572e-01 
 45 2.2553e-01 3.6996e-01 4.4700e-01 4.7923e-01 4.3797e-01 
 49 4.3024e-01 3.4913e-01 3.2225e-01 3.1141e-01 3.4022e-01 
 50 6.1450e-01 8.0774e-01 7.2927e-01 6.3991e-01 5.9950e-01 
 53 6.3444e-01 6.6449e-01 6.7833e-01 6.6088e-01 6.2896e-01 
 54 6.2649e-01 6.2911e-01 6.0002e-01 5.6731e-01 5.4149e-01 
 55 5.0136e-01 5.7518e-01 5.9537e-01 6.1968e-01 6.9131e-01 
 59 1.0580e-10 4.3429e-01 7.5997e-01 8.6203e-01 8.3933e-01 
 61 5.7308e-01 4.6410e-01 4.0576e-01 3.6131e-01 3.4819e-01 
 63 4.6711e-01 4.7018e-01 5.5810e-01 5.4361e-01 6.6810e-01 
 65 4.6679e-01 4.9897e-01 6.7781e-01 6.3029e-01 7.6155e-01 
 66 3.2265e-01 3.7003e-01 3.0339e-01 3.0879e-01 2.9867e-01 
 68 3.1461e-01 4.4333e-01 5.3853e-01 5.3538e-01 6.0414e-01 
 69 4.9351e-01 4.5150e-01 4.9342e-01 6.2728e-01 7.1177e-01 
 71 6.1443e-01 6.1404e-01 6.4457e-01 6.5452e-01 6.3472e-01 
 73 4.2714e-01 2.9938e-01 4.0571e-01 5.9299e-01 5.4787e-01 
 77 5.3123e-01 4.7765e-01 5.0405e-01 6.4564e-01 7.6655e-01 
 78 4.8066e-01 5.6883e-01 7.3102e-01 7.2464e-01 6.9663e-01 
 79 3.8948e-01 4.3704e-01 4.5697e-01 4.6155e-01 5.9089e-01 
 80 3.7875e-01 4.3485e-01 3.7782e-01 3.2072e-01 4.7508e-01 
 81 2.9702e-01 2.4164e-01 4.6396e-01 7.7492e-01 9.4666e-01 
 82 7.3875e-01 7.3310e-01 6.9670e-01 6.5250e-01 5.8524e-01 
 83 6.9118e-01 7.0691e-01 7.0586e-01 7.7433e-01 7.6397e-01 
 85 6.8353e-01 6.7397e-01 6.9925e-01 7.0256e-01 7.0189e-01 
 86 7.1318e-01 5.9620e-01 6.4217e-01 6.9157e-01 6.8878e-01 
 88 5.7058e-01 6.1000e-01 5.3826e-01 5.7058e-01 5.6530e-01 
 91 3.7695e-01 3.3332e-01 3.5233e-01 3.4733e-01 3.8045e-01 
 96 4.0344e-01 5.0161e-01 4.8544e-01 5.4635e-01 5.5249e-01 
 98 4.9233e-01 4.3056e-01 4.8982e-01 4.3027e-01 3.7878e-01 
100 7.0625e-01 7.6150e-01 8.1307e-01 8.2238e-01 7.5693e-01 
104 6.0326e-01 6.8262e-01 7.2707e-01 7.2011e-01 6.9742e-01 
106 7.3147e-01 8.3977e-01 8.4170e-01 7.7814e-01 7.1849e-01 
108 7.4173e-01 7.7056e-01 6.9221e-01 6.8105e-01 6.6232e-01 
125 5.3967e-01 5.4740e-01 6.0201e-01 7.0297e-01 7.5480e-01 
131 4.5235e-01 3.8013e-01 6.4945e-01 5.8715e-01 5.2823e-01 
132 5.1200e-01 4.7321e-01 4.5736e-01 4.4425e-01 4.7578e-01 
135 5.9945e-01 5.9808e-01 5.7225e-01 6.0598e-01 6.5129e-01 
140 6.5917e-01 7.1303e-01 7.6437e-01 7.7039e-01 7.3657e-01 
146 5.7578e-01 5.3743e-01 5.4568e-01 5.2748e-01 5.2184e-01 
149 6.1293e-01 6.1839e-01 6.6249e-01 7.3522e-01 7.5082e-01 
153 6.0108e-01 6.1099e-01 6.6212e-01 6.8287e-01 6.5163e-01 
156 3.8076e-01 4.4690e-01 3.6706e-01 7.0282e-01 8.0127e-01 
161 4.7019e-01 5.4423e-01 5.1673e-01 4.9861e-01 5.1013e-01 
175 7.2910e-01 7.0187e-01 7.2069e-01 7.3141e-01 7.3907e-01 
200 6.9127e-01 6.8936e-01 7.1630e-01 7.2448e-01 6.9989e-01 
201 5.7857e-01 5.3920e-01 5.4763e-01 5.7888e-01 5.9913e-01 
217 4.7639e-01 4.4702e-01 4.0276e-01 3.6059e-01 3.7251e-01 
223 6.6070e-01 6.1144e-01 6.2865e-01 7.0646e-01 7.3399e-01 
229 4.9419e-01 5.5609e-01 4.9141e-01 5.2868e-01 6.0797e-01 
248 7.1360e-01 7.1233e-01 7.3045e-01 7.5294e-01 7.9004e-01 
284 8.3210e-01 6.6618e-01 5.9598e-01 5.7496e-01 5.5859e-01 
298 7.9452e-01 6.5441e-01 5.1527e-01 4.3869e-01 4.1742e-01 
434 5.9826e-01 6.2398e-01 5.8304e-01 5.9083e-01 5.7646e-01 
471 5.7055e-01 5.6686e-01 5.4423e-01 5.6463e-01 5.2667e-01 
732 6.3036e-01 5.7411e-01 6.5008e-01 6.8358e-01 6.9314e-01 
