# CLid r/r_500c: [ 1.4  1.5  1.6  1.7  1.8  1.9  2.   2.1  2.2  2.3  2.4  2.5  2.6  2.7]
  1 7.9848e-01 7.9361e-01 8.2058e-01 8.5619e-01 8.9340e-01 9.2149e-01 9.1024e-01 8.9347e-01 8.7494e-01 8.5605e-01 8.3749e-01 8.1896e-01 7.9924e-01 7.7821e-01 
  2 7.2543e-01 7.4148e-01 7.5162e-01 7.5293e-01 7.3664e-01 7.1090e-01 7.0882e-01 7.1504e-01 7.0061e-01 6.8323e-01 6.6341e-01 6.4049e-01 6.1797e-01 5.9193e-01 
  3 8.6562e-01 8.6146e-01 8.4807e-01 8.3094e-01 8.1351e-01 7.9640e-01 7.8481e-01 7.8689e-01 7.9480e-01 8.0345e-01 8.0540e-01 7.9879e-01 7.8380e-01 7.6731e-01 
  4 5.9022e-01 6.2799e-01 6.5549e-01 6.9214e-01 7.1827e-01 7.5316e-01 7.9050e-01 7.9269e-01 7.8266e-01 7.6509e-01 7.4429e-01 7.2510e-01 7.0515e-01 6.8808e-01 
  6 8.0997e-01 8.2266e-01 8.4146e-01 8.5505e-01 8.5916e-01 8.5439e-01 8.5275e-01 8.5720e-01 8.6390e-01 8.5902e-01 8.3951e-01 8.1413e-01 7.8649e-01 7.5802e-01 
  7 7.0207e-01 7.1546e-01 7.1737e-01 7.0975e-01 7.0027e-01 6.8051e-01 6.5935e-01 6.3859e-01 6.1975e-01 6.0325e-01 5.8789e-01 5.7135e-01 5.5824e-01 5.4544e-01 
  9 6.0418e-01 6.4677e-01 6.9402e-01 7.2592e-01 7.3688e-01 7.3152e-01 7.3341e-01 7.4449e-01 7.5654e-01 7.7437e-01 7.8391e-01 7.6762e-01 7.4197e-01 7.1622e-01 
 10 7.9757e-01 7.8983e-01 7.7848e-01 7.8535e-01 8.1300e-01 8.3736e-01 8.5039e-01 8.4983e-01 8.4323e-01 8.3337e-01 8.0926e-01 7.7857e-01 7.4871e-01 7.1981e-01 
 11 6.8998e-01 6.7569e-01 6.5744e-01 6.3463e-01 6.0604e-01 5.7503e-01 5.4532e-01 5.1715e-01 4.9168e-01 4.6747e-01 4.5161e-01 4.3943e-01 4.3044e-01 4.2421e-01 
 13 8.9361e-01 8.7045e-01 8.4883e-01 8.4905e-01 8.8516e-01 8.7831e-01 8.5748e-01 8.3490e-01 8.1400e-01 7.9233e-01 7.7200e-01 7.5469e-01 7.3646e-01 7.1780e-01 
 14 7.6099e-01 8.0423e-01 8.4041e-01 8.4928e-01 8.4952e-01 8.5942e-01 8.8351e-01 8.9420e-01 8.9185e-01 8.8200e-01 8.6910e-01 8.5473e-01 8.4107e-01 8.2652e-01 
 16 8.4531e-01 8.5610e-01 8.6071e-01 8.5250e-01 8.3593e-01 8.0144e-01 7.5466e-01 7.0766e-01 6.6874e-01 6.3465e-01 6.2042e-01 6.1840e-01 6.1592e-01 6.1165e-01 
 17 8.3705e-01 8.8457e-01 9.0017e-01 8.8687e-01 8.5852e-01 8.2488e-01 7.9600e-01 7.7211e-01 7.5557e-01 7.4718e-01 7.4888e-01 7.4830e-01 7.2919e-01 7.0540e-01 
 21 8.2799e-01 8.4561e-01 8.5936e-01 8.6780e-01 8.8238e-01 9.1982e-01 9.2573e-01 9.1079e-01 8.9502e-01 8.8006e-01 8.6876e-01 8.6047e-01 8.5593e-01 8.5220e-01 
 23 8.8845e-01 8.6662e-01 8.6686e-01 8.5817e-01 8.2715e-01 8.0196e-01 7.7348e-01 7.4733e-01 7.1954e-01 6.8737e-01 6.5891e-01 6.3096e-01 6.0516e-01 5.8172e-01 
 25 8.6370e-01 8.8953e-01 9.1788e-01 9.3767e-01 9.2868e-01 9.0920e-01 8.9921e-01 8.9848e-01 9.0512e-01 9.0305e-01 8.9330e-01 8.7668e-01 8.5829e-01 8.3783e-01 
 26 7.1298e-01 6.9143e-01 6.7643e-01 6.8019e-01 6.8679e-01 6.9393e-01 6.9125e-01 6.8734e-01 6.8247e-01 6.8122e-01 6.8220e-01 6.8290e-01 6.7942e-01 6.7335e-01 
 27 7.0256e-01 6.9473e-01 6.9418e-01 6.9426e-01 6.9515e-01 6.9416e-01 6.9521e-01 6.9894e-01 7.0786e-01 7.1592e-01 7.1689e-01 7.1656e-01 7.1400e-01 7.1947e-01 
 29 7.4799e-01 7.3131e-01 7.1067e-01 6.9447e-01 6.8212e-01 6.7623e-01 6.7442e-01 6.7576e-01 6.8037e-01 6.8678e-01 6.9438e-01 6.9939e-01 6.9830e-01 6.9099e-01 
 31 7.6970e-01 7.6742e-01 7.7422e-01 7.8478e-01 7.9500e-01 7.9968e-01 8.1102e-01 8.2326e-01 8.2669e-01 8.2700e-01 8.1006e-01 7.7540e-01 7.4013e-01 7.0413e-01 
 32 7.6900e-01 7.5205e-01 7.4890e-01 7.6696e-01 7.8689e-01 7.9341e-01 7.9753e-01 8.0564e-01 7.9520e-01 7.8187e-01 7.6895e-01 7.5785e-01 7.4555e-01 7.3366e-01 
 33 6.4195e-01 6.6393e-01 6.9283e-01 7.3154e-01 7.6196e-01 7.7317e-01 7.8484e-01 8.0511e-01 8.2981e-01 8.3983e-01 8.4355e-01 8.4582e-01 8.4435e-01 8.2778e-01 
 34 7.8159e-01 8.3802e-01 8.6830e-01 8.8543e-01 8.7508e-01 8.6742e-01 8.7254e-01 8.8241e-01 8.9352e-01 9.0346e-01 9.1163e-01 9.1226e-01 9.1048e-01 9.0859e-01 
 35 8.5530e-01 8.1524e-01 7.9035e-01 7.6667e-01 7.5145e-01 7.3065e-01 7.0490e-01 6.8340e-01 6.6222e-01 6.3773e-01 6.1409e-01 5.9063e-01 5.6679e-01 5.4615e-01 
 39 8.4993e-01 8.2811e-01 8.1014e-01 8.0049e-01 7.9943e-01 8.0366e-01 8.1058e-01 8.1298e-01 8.1116e-01 8.0463e-01 7.9385e-01 7.7814e-01 7.5640e-01 7.3531e-01 
 42 8.3015e-01 8.4267e-01 8.5267e-01 8.4805e-01 8.4231e-01 8.3401e-01 8.2510e-01 8.1943e-01 8.1662e-01 8.1474e-01 8.1443e-01 8.1361e-01 8.0900e-01 8.0323e-01 
 44 7.7740e-01 7.7659e-01 7.7211e-01 7.7020e-01 7.7128e-01 7.7415e-01 7.7847e-01 7.9090e-01 8.0671e-01 8.2438e-01 8.3519e-01 8.3509e-01 8.2472e-01 8.1071e-01 
 49 8.6489e-01 8.9781e-01 9.1268e-01 9.1989e-01 9.2400e-01 9.3262e-01 9.3212e-01 9.1218e-01 8.8268e-01 8.5153e-01 8.2441e-01 8.0211e-01 7.8328e-01 7.6807e-01 
 50 5.5221e-01 5.6107e-01 5.6604e-01 5.6240e-01 5.6450e-01 5.7335e-01 5.8965e-01 6.0527e-01 6.1311e-01 6.1807e-01 6.2086e-01 6.2152e-01 6.1805e-01 6.1416e-01 
 53 6.5332e-01 6.7275e-01 6.8611e-01 6.8432e-01 6.9057e-01 6.9227e-01 7.0089e-01 7.1689e-01 7.3637e-01 7.4888e-01 7.4403e-01 7.3073e-01 7.1398e-01 6.9426e-01 
 55 7.7922e-01 7.5125e-01 7.2859e-01 7.0413e-01 6.8219e-01 6.6299e-01 6.4934e-01 6.3119e-01 6.0819e-01 5.8435e-01 5.6167e-01 5.4190e-01 5.2489e-01 5.0895e-01 
 59 6.9783e-01 6.9155e-01 6.7122e-01 6.4453e-01 6.1548e-01 5.9045e-01 5.6750e-01 5.4671e-01 5.2841e-01 5.1154e-01 4.9502e-01 4.8193e-01 4.7026e-01 4.5867e-01 
 61 7.3858e-01 7.8345e-01 9.1339e-01 9.3224e-01 9.0147e-01 8.6819e-01 8.4037e-01 8.1941e-01 8.0672e-01 8.1165e-01 8.5867e-01 8.4191e-01 8.1643e-01 7.9012e-01 
 65 8.0334e-01 8.1955e-01 8.2734e-01 8.2957e-01 8.2908e-01 8.2636e-01 8.3257e-01 8.5887e-01 8.8137e-01 8.8749e-01 8.8757e-01 8.7755e-01 8.6110e-01 8.4581e-01 
 66 7.8634e-01 7.9399e-01 8.1678e-01 8.0627e-01 7.8519e-01 7.5920e-01 7.2950e-01 6.9306e-01 6.5825e-01 6.2887e-01 6.0483e-01 5.8860e-01 5.8067e-01 5.7518e-01 
 68 7.3144e-01 7.2773e-01 7.0569e-01 6.9135e-01 6.8671e-01 7.1464e-01 7.6234e-01 8.0797e-01 8.2792e-01 8.3424e-01 8.3377e-01 8.2528e-01 8.1331e-01 7.9987e-01 
 69 8.7184e-01 8.8238e-01 8.8187e-01 8.7458e-01 8.6374e-01 8.5006e-01 8.3465e-01 8.1922e-01 8.0076e-01 7.8026e-01 7.6304e-01 7.4617e-01 7.3093e-01 7.1720e-01 
 71 7.1970e-01 7.1517e-01 6.9194e-01 6.7604e-01 6.6620e-01 6.7133e-01 6.8180e-01 7.1005e-01 7.3510e-01 7.3493e-01 7.3225e-01 7.2899e-01 7.2375e-01 7.1761e-01 
 73 8.6386e-01 8.7579e-01 8.6554e-01 8.2900e-01 7.8629e-01 7.4285e-01 7.0176e-01 6.6773e-01 6.3618e-01 6.0638e-01 5.8134e-01 5.5732e-01 5.3051e-01 5.0506e-01 
 77 8.5383e-01 8.3478e-01 8.1287e-01 7.9521e-01 7.7982e-01 7.6970e-01 7.6362e-01 7.5932e-01 7.5452e-01 7.5259e-01 7.5403e-01 7.5331e-01 7.5047e-01 7.4670e-01 
 78 5.7384e-01 6.0995e-01 6.5127e-01 7.2171e-01 7.5367e-01 7.6418e-01 7.6380e-01 7.7803e-01 7.9756e-01 8.0882e-01 8.0429e-01 7.8824e-01 7.6934e-01 7.4997e-01 
 79 7.3032e-01 7.4155e-01 7.5237e-01 7.5752e-01 7.6506e-01 7.6979e-01 7.6850e-01 7.6319e-01 7.5514e-01 7.4616e-01 7.3544e-01 7.2175e-01 7.0297e-01 6.7824e-01 
 80 6.0802e-01 6.3324e-01 6.4832e-01 6.5677e-01 6.6104e-01 6.6109e-01 6.5919e-01 6.5549e-01 6.4833e-01 6.2996e-01 6.1010e-01 5.8970e-01 5.5908e-01 5.4006e-01 
 81 7.9309e-01 7.6996e-01 7.4611e-01 7.2195e-01 6.9743e-01 6.7300e-01 6.5133e-01 6.3401e-01 6.1934e-01 6.0984e-01 5.9980e-01 5.9333e-01 5.8817e-01 5.8444e-01 
 83 9.0115e-01 8.8900e-01 9.0371e-01 9.0740e-01 8.9461e-01 8.8253e-01 8.7228e-01 8.6364e-01 8.5152e-01 8.3882e-01 8.2656e-01 8.1273e-01 7.9912e-01 7.8608e-01 
 86 8.4925e-01 8.3487e-01 8.2296e-01 8.2172e-01 8.2080e-01 8.2066e-01 8.1842e-01 8.1884e-01 8.1908e-01 8.2103e-01 8.2555e-01 8.2759e-01 8.2829e-01 8.2793e-01 
 88 8.5806e-01 8.6324e-01 8.7028e-01 8.6169e-01 8.4533e-01 8.3379e-01 8.2612e-01 8.3226e-01 8.4803e-01 8.5293e-01 8.5044e-01 8.4209e-01 8.3142e-01 8.1565e-01 
 91 7.2857e-01 7.3651e-01 7.4842e-01 7.6476e-01 7.7688e-01 7.8332e-01 7.7599e-01 7.6391e-01 7.4032e-01 7.1093e-01 6.7408e-01 6.2079e-01 5.8331e-01 5.6075e-01 
 96 6.5454e-01 6.8686e-01 7.3083e-01 7.8586e-01 8.2986e-01 8.4996e-01 8.5536e-01 8.5024e-01 8.4185e-01 8.4437e-01 8.5153e-01 8.5867e-01 8.7697e-01 8.9120e-01 
104 6.9408e-01 7.2956e-01 7.6796e-01 7.8047e-01 7.7471e-01 7.6581e-01 7.6103e-01 7.6279e-01 7.6667e-01 7.6226e-01 7.5499e-01 7.3973e-01 7.1376e-01 6.8499e-01 
106 8.4595e-01 8.8388e-01 8.8302e-01 8.6364e-01 8.3937e-01 8.1314e-01 7.8892e-01 7.6864e-01 7.5340e-01 7.4108e-01 7.3351e-01 7.3230e-01 7.4027e-01 7.5801e-01 
125 8.2038e-01 8.2841e-01 8.3785e-01 8.3014e-01 8.1196e-01 7.9279e-01 7.7679e-01 7.6210e-01 7.4753e-01 7.3338e-01 7.2209e-01 7.1537e-01 7.1349e-01 7.1501e-01 
131 8.0130e-01 7.6716e-01 7.3579e-01 7.1408e-01 7.0544e-01 6.9807e-01 6.9188e-01 6.8732e-01 6.7960e-01 6.6431e-01 6.4594e-01 6.3552e-01 6.3292e-01 6.3778e-01 
132 6.5525e-01 6.8957e-01 7.1118e-01 7.2776e-01 7.5182e-01 7.4702e-01 7.3948e-01 7.3434e-01 7.3672e-01 7.4758e-01 7.6735e-01 7.8911e-01 8.0800e-01 8.2792e-01 
135 8.8944e-01 8.7558e-01 8.7158e-01 8.7517e-01 8.7847e-01 8.7572e-01 8.6265e-01 8.4137e-01 8.2137e-01 8.0474e-01 7.9052e-01 7.7646e-01 7.6142e-01 7.4374e-01 
146 6.4303e-01 6.5578e-01 6.4163e-01 6.2932e-01 6.3457e-01 6.7944e-01 7.3236e-01 7.3887e-01 7.3323e-01 7.2245e-01 7.1094e-01 7.0028e-01 6.8974e-01 6.7572e-01 
153 6.9910e-01 7.3101e-01 7.7593e-01 8.0105e-01 8.0725e-01 8.0718e-01 8.0451e-01 8.0277e-01 7.9915e-01 7.9033e-01 7.7410e-01 7.5812e-01 7.4223e-01 7.3186e-01 
156 7.6452e-01 7.5324e-01 7.3708e-01 7.3865e-01 7.3255e-01 7.3763e-01 7.3968e-01 7.3307e-01 7.2656e-01 7.1663e-01 7.0500e-01 6.9345e-01 6.8191e-01 6.6680e-01 
201 6.8962e-01 6.9367e-01 7.0784e-01 7.2397e-01 7.5376e-01 7.7752e-01 7.9060e-01 7.9758e-01 7.9293e-01 7.8280e-01 7.6747e-01 7.4773e-01 7.2630e-01 7.0354e-01 
284 5.7833e-01 5.8251e-01 5.9607e-01 6.0220e-01 6.0737e-01 6.3048e-01 6.7593e-01 7.0983e-01 7.2663e-01 7.3089e-01 7.3187e-01 7.3313e-01 7.3479e-01 7.3657e-01 
434 5.6230e-01 5.6675e-01 5.9879e-01 6.4504e-01 6.7241e-01 6.9478e-01 7.0155e-01 6.9908e-01 6.9607e-01 6.9720e-01 7.0236e-01 7.0910e-01 7.0530e-01 6.9308e-01 
