# CLid r/r_500c: [ 0.1  0.2  0.3  0.4  0.5  0.6  0.7  0.8  0.9  1.   1.1  1.2  1.3]
  1 6.0887e-01 6.1322e-01 5.7470e-01 5.8862e-01 6.3646e-01 6.9438e-01 6.9669e-01 7.1890e-01 7.6650e-01 7.9091e-01 7.9605e-01 7.9521e-01 7.9939e-01 
  2 5.1222e-01 5.4623e-01 5.9119e-01 5.6796e-01 5.0962e-01 4.8541e-01 4.9112e-01 5.1984e-01 5.9300e-01 6.4584e-01 6.6628e-01 6.9458e-01 7.1065e-01 
  3 4.5765e-01 6.3617e-01 7.2842e-01 7.5203e-01 7.4341e-01 8.1820e-01 8.1856e-01 8.0949e-01 8.3704e-01 8.5184e-01 8.7393e-01 8.9362e-01 8.8030e-01 
  4 6.4225e-01 4.7846e-01 5.5711e-01 5.2592e-01 5.1434e-01 5.7004e-01 5.8292e-01 5.8399e-01 5.9227e-01 5.9138e-01 5.7759e-01 5.6064e-01 5.6515e-01 
  6 6.2169e-01 6.7925e-01 6.6747e-01 6.9802e-01 7.4335e-01 7.5873e-01 7.6712e-01 7.7952e-01 7.8178e-01 8.1004e-01 8.3382e-01 8.3228e-01 8.1784e-01 
  7 5.5985e-01 5.7111e-01 5.4771e-01 6.6275e-01 6.8665e-01 6.8603e-01 6.6106e-01 6.5885e-01 6.3770e-01 6.2707e-01 6.2807e-01 6.3804e-01 6.6831e-01 
  9 6.8071e-01 7.2115e-01 7.2138e-01 6.9105e-01 6.6627e-01 6.7985e-01 6.7847e-01 7.0663e-01 7.0239e-01 6.8024e-01 6.4265e-01 6.1976e-01 6.0449e-01 
 10      nan 5.9151e-01 4.2087e-01 4.5250e-01 3.4729e-01 2.2851e-01 2.0652e-01 2.4600e-01 3.6078e-01 4.3513e-01 6.1818e-01 7.0854e-01 7.7710e-01 
 11 5.0990e-01 5.7081e-01 3.5948e-01 1.7120e-01 1.3277e-01 1.6833e-01 3.1876e-01 4.9925e-01 6.2918e-01 6.4275e-01 6.4254e-01 6.8829e-01 7.0244e-01 
 13 8.1005e-01 7.9238e-01 7.1406e-01 6.9916e-01 5.9754e-01 5.9362e-01 5.0236e-01 5.0408e-01 5.5377e-01 6.8239e-01 7.7864e-01 8.3610e-01 8.9084e-01 
 14 3.8552e-01 6.4324e-01 6.7623e-01 6.0308e-01 6.3407e-01 6.5404e-01 7.1849e-01 7.6369e-01 7.7581e-01 7.6677e-01 7.5160e-01 7.3887e-01 7.3600e-01 
 16 6.5970e-01 5.9479e-01 6.3531e-01 6.6083e-01 6.6360e-01 7.6129e-01 8.1851e-01 8.7090e-01 8.7939e-01 8.5701e-01 8.4276e-01 8.4332e-01 8.4223e-01 
 17 4.5735e-01 5.4811e-01 5.8467e-01 5.5672e-01 4.7297e-01 4.2308e-01 3.8321e-01 3.5719e-01 3.7622e-01 4.2072e-01 4.6866e-01 6.3108e-01 7.7132e-01 
 21 9.0965e-01 8.4262e-01 8.2916e-01 8.6920e-01 8.9247e-01 8.7201e-01 8.6805e-01 9.0027e-01 8.8466e-01 8.6417e-01 8.3738e-01 8.1807e-01 8.1651e-01 
 23 6.0836e-01 6.7732e-01 5.4669e-01 5.7730e-01 3.9429e-01 2.7576e-01 1.8700e-01 2.2706e-01 3.8791e-01 4.8404e-01 5.7221e-01 8.2429e-01 9.0710e-01 
 25 6.5447e-01 7.1177e-01 7.6344e-01 7.7449e-01 7.9166e-01 8.0339e-01 7.8513e-01 7.7731e-01 7.8892e-01 8.2297e-01 8.6300e-01 8.5847e-01 8.5299e-01 
 26 5.9282e-01 5.8363e-01 5.7293e-01 6.2201e-01 6.5780e-01 6.1946e-01 6.3177e-01 6.7864e-01 7.2858e-01 7.6187e-01 7.7180e-01 7.6636e-01 7.4500e-01 
 27 6.9972e-01 6.8771e-01 6.9822e-01 7.1508e-01 7.6320e-01 7.5053e-01 7.4246e-01 7.4634e-01 7.7141e-01 7.6966e-01 7.5266e-01 7.3462e-01 7.1845e-01 
 29 8.5920e-01 6.0745e-01 5.6865e-01 7.4418e-01 7.2779e-01 6.9469e-01 6.6219e-01 6.4870e-01 6.5342e-01 6.7994e-01 7.2620e-01 7.4745e-01 7.5116e-01 
 31 5.2964e-01 5.5410e-01 4.7071e-01 4.6221e-01 4.3844e-01 3.6344e-01 4.1120e-01 5.9543e-01 6.6641e-01 6.8680e-01 7.0666e-01 7.6410e-01 7.8323e-01 
 32 8.2753e-01 6.8679e-01 6.3820e-01 6.3893e-01 6.5159e-01 7.1994e-01 7.6910e-01 7.8164e-01 7.7506e-01 7.6538e-01 7.6789e-01 7.7949e-01 7.7926e-01 
 33 2.8179e-01 3.3578e-01 3.7562e-01 3.8454e-01 4.2767e-01 3.9264e-01 3.8200e-01 4.7514e-01 5.1298e-01 5.2987e-01 6.0109e-01 6.4171e-01 6.3762e-01 
 34 5.2279e-01 5.0073e-01 5.2837e-01 4.8755e-01 4.8867e-01 4.9770e-01 5.3509e-01 5.3520e-01 5.4666e-01 5.8082e-01 6.3708e-01 6.7589e-01 7.2796e-01 
 35 3.7735e-01 2.5422e-01 1.7406e-01 1.0877e-01 1.5235e-01 5.3509e-01 8.0069e-01 8.0451e-01 8.4735e-01 9.0805e-01 9.4031e-01 9.1394e-01 8.8064e-01 
 39 6.7515e-01 6.7650e-01 6.5207e-01 6.6154e-01 6.8788e-01 7.2943e-01 7.2371e-01 7.2726e-01 7.4398e-01 7.7233e-01 7.9600e-01 8.3997e-01 8.6018e-01 
 42 7.4014e-01 7.3480e-01 7.5574e-01 7.5667e-01 7.5976e-01 7.5461e-01 7.4546e-01 7.5484e-01 7.8966e-01 8.2498e-01 8.3468e-01 8.3137e-01 8.2385e-01 
 44 7.7458e-01 6.9970e-01 7.1048e-01 7.3533e-01 7.4637e-01 7.4102e-01 7.3572e-01 7.7777e-01 7.8845e-01 7.8126e-01 7.7922e-01 7.8171e-01 7.7930e-01 
 49 5.1709e-01 4.2951e-01 3.6331e-01 3.2907e-01 2.9999e-01 3.3297e-01 4.8219e-01 6.7792e-01 7.5463e-01 7.7679e-01 7.7896e-01 7.7200e-01 7.9729e-01 
 50 5.4998e-01 6.5455e-01 8.1170e-01 7.2836e-01 6.3915e-01 5.9876e-01 5.8321e-01 5.5218e-01 5.2753e-01 5.2195e-01 5.2955e-01 5.3044e-01 5.4271e-01 
 53 8.1083e-01 6.7671e-01 6.5644e-01 6.8151e-01 6.6988e-01 6.3408e-01 6.1839e-01 6.4366e-01 6.4482e-01 6.4976e-01 6.5047e-01 6.4297e-01 6.4355e-01 
 55 5.5745e-01 5.0121e-01 5.8012e-01 5.8594e-01 6.1180e-01 6.8583e-01 7.5786e-01 7.8002e-01 8.0349e-01 8.1213e-01 8.5419e-01 8.5845e-01 8.2337e-01 
 59 3.6048e-01      nan 4.1753e-01 7.4819e-01 8.5762e-01 8.4068e-01 8.2744e-01 8.1095e-01 7.8869e-01 7.5329e-01 7.2601e-01 7.1178e-01 7.0450e-01 
 61 6.0806e-01 5.7238e-01 4.7375e-01 4.1904e-01 3.7512e-01 3.6724e-01 3.7539e-01 4.5082e-01 4.6663e-01 4.7865e-01 5.0548e-01 5.4363e-01 6.9983e-01 
 65 6.4616e-01 4.4316e-01 5.1171e-01 6.9293e-01 6.4598e-01 7.6598e-01 8.1715e-01 8.3159e-01 8.0581e-01 7.7376e-01 7.5560e-01 7.6412e-01 7.9157e-01 
 66 7.8094e-01 3.3258e-01 3.6708e-01 3.0560e-01 3.0357e-01 2.9019e-01 4.3785e-01 7.0198e-01 8.0409e-01 7.9728e-01 7.9963e-01 7.9686e-01 7.8711e-01 
 68 8.8362e-01 3.6974e-01 4.3041e-01 5.3586e-01 5.3344e-01 6.0371e-01 6.6451e-01 6.4491e-01 6.7396e-01 6.6821e-01 6.4283e-01 6.5908e-01 7.2315e-01 
 69 5.6082e-01 5.3830e-01 4.4922e-01 4.9353e-01 6.2399e-01 7.1257e-01 7.5492e-01 8.4439e-01 9.0477e-01 9.3670e-01 9.1564e-01 8.8856e-01 8.7418e-01 
 71 6.9745e-01 6.1534e-01 6.0666e-01 6.4248e-01 6.6016e-01 6.3878e-01 6.2941e-01 6.2139e-01 6.3384e-01 6.5228e-01 6.6064e-01 6.7666e-01 6.9819e-01 
 73 4.0755e-01 4.1971e-01 2.9050e-01 4.2174e-01 5.7786e-01 5.4944e-01 4.0278e-01 3.1804e-01 3.3355e-01 3.7992e-01 5.2290e-01 5.9648e-01 7.5067e-01 
 77 4.2159e-01 5.5368e-01 4.7338e-01 5.1614e-01 6.4404e-01 7.5443e-01 8.0103e-01 7.9120e-01 8.2969e-01 8.6510e-01 8.8166e-01 8.7964e-01 8.6760e-01 
 78 5.5646e-01 5.0693e-01 5.9802e-01 7.3865e-01 7.1828e-01 6.9343e-01 6.4441e-01 5.9395e-01 5.6299e-01 5.5646e-01 5.8165e-01 6.0343e-01 5.9381e-01 
 79 3.0885e-01 3.9009e-01 4.2290e-01 4.6408e-01 4.6045e-01 5.9915e-01 6.5025e-01 6.2620e-01 6.3966e-01 8.4591e-01 8.3035e-01 7.8339e-01 7.4651e-01 
 80 5.4830e-01 3.6015e-01 4.4762e-01 3.8250e-01 3.4299e-01 5.0785e-01 5.4749e-01 5.4431e-01 5.2648e-01 5.0319e-01 5.1522e-01 5.5375e-01 5.8363e-01 
 81 3.4858e-01 3.0315e-01 2.4225e-01 4.5873e-01 7.7540e-01 9.4614e-01 8.9846e-01 8.6318e-01 8.3838e-01 8.2465e-01 8.2560e-01 8.1958e-01 8.0968e-01 
 83 5.4034e-01 6.9255e-01 6.8675e-01 7.2482e-01 7.6486e-01 7.5782e-01 7.6041e-01 7.5845e-01 7.7427e-01 8.0177e-01 8.3318e-01 8.8680e-01 9.1385e-01 
 86 6.0252e-01 7.2269e-01 6.0132e-01 6.3884e-01 6.9225e-01 6.8770e-01 7.4021e-01 8.0204e-01 8.0992e-01 7.8720e-01 8.0068e-01 8.3559e-01 8.5914e-01 
 88 6.4970e-01 5.8271e-01 6.0354e-01 5.3736e-01 5.7090e-01 5.6558e-01 5.7821e-01 6.3429e-01 6.8162e-01 7.5156e-01 8.2855e-01 8.4698e-01 8.6146e-01 
 91 3.8834e-01 3.8254e-01 3.4081e-01 3.5341e-01 3.4725e-01 3.7833e-01 5.1283e-01 6.2540e-01 5.6917e-01 5.4807e-01 5.8238e-01 6.4561e-01 6.9705e-01 
 96 6.4650e-01 4.4227e-01 4.9905e-01 4.8364e-01 5.4545e-01 5.5111e-01 5.8047e-01 6.5890e-01 6.6032e-01 6.4338e-01 6.3534e-01 6.4054e-01 6.4412e-01 
104 5.4180e-01 6.1601e-01 6.8415e-01 7.1840e-01 7.2027e-01 6.9657e-01 6.8172e-01 7.0041e-01 7.1537e-01 7.0809e-01 6.9541e-01 6.9090e-01 6.9092e-01 
106 6.5431e-01 7.6148e-01 8.3966e-01 8.4995e-01 7.7600e-01 7.1382e-01 6.8965e-01 5.4350e-01 4.5123e-01 4.5202e-01 5.3406e-01 6.6999e-01 7.9263e-01 
125 6.2605e-01 5.1632e-01 5.3895e-01 5.9077e-01 6.9901e-01 7.5749e-01 8.3210e-01 8.3846e-01 8.6906e-01 8.9856e-01 8.7712e-01 8.4835e-01 8.2763e-01 
131 7.3505e-01 4.9701e-01 3.8301e-01 6.5689e-01 5.9281e-01 5.3193e-01 5.3842e-01 5.6787e-01 6.1315e-01 7.6140e-01 8.7673e-01 8.8065e-01 8.3763e-01 
132 8.0002e-01 5.4595e-01 4.8641e-01 4.6428e-01 4.5148e-01 4.8593e-01 5.0609e-01 5.6976e-01 6.0587e-01 6.1224e-01 6.2372e-01 6.2880e-01 6.3751e-01 
135 5.0409e-01 6.0640e-01 5.8523e-01 5.6825e-01 6.0248e-01 6.5263e-01 6.8918e-01 7.4274e-01 8.1339e-01 8.5203e-01 8.8374e-01 9.0678e-01 9.1183e-01 
146 5.9800e-01 6.2906e-01 5.3298e-01 5.5006e-01 5.2583e-01 5.2059e-01 5.0911e-01 5.1847e-01 5.4705e-01 5.7133e-01 5.8139e-01 6.0992e-01 6.3768e-01 
153 9.0765e-01 6.4275e-01 6.1807e-01 6.5816e-01 6.8460e-01 6.4924e-01 6.0946e-01 5.9362e-01 5.8948e-01 6.0426e-01 6.4278e-01 6.6432e-01 6.8179e-01 
156 6.7769e-01 4.1785e-01 4.4461e-01 3.8658e-01 7.3467e-01 7.9477e-01 7.8171e-01 7.8612e-01 7.9784e-01 8.0502e-01 7.9398e-01 7.9044e-01 8.0088e-01 
201 4.1222e-01 5.8565e-01 5.5466e-01 5.4361e-01 5.7745e-01 5.9957e-01 6.1445e-01 6.3520e-01 6.3001e-01 6.5214e-01 7.0283e-01 7.1039e-01 6.9731e-01 
284 7.2639e-01 8.5888e-01 6.8247e-01 6.0015e-01 5.7191e-01 5.6376e-01 5.9284e-01 6.5104e-01 6.8407e-01 6.5897e-01 6.3124e-01 6.1254e-01 5.9692e-01 
434 7.7846e-01 6.3719e-01 6.4006e-01 5.8910e-01 5.9549e-01 5.7629e-01 6.7612e-01 8.6318e-01 8.4158e-01 7.9529e-01 7.4182e-01 6.7671e-01 6.2207e-01 
