# CLid r/r500c: [ 0.15  0.2   0.25  0.3 ]
  1 5.4176e-01 5.5494e-01 5.7148e-01 5.7422e-01 
  2 5.1224e-01 5.3029e-01 5.4204e-01 5.6301e-01 
  3 5.5313e-01 5.9104e-01 6.1941e-01 6.7430e-01 
  4 4.7437e-01 4.7741e-01 5.1219e-01 5.4388e-01 
  5 6.0144e-01 6.1912e-01 6.2574e-01 6.1370e-01 
  6 6.6495e-01 6.5079e-01 6.4966e-01 6.5248e-01 
  7 5.7645e-01 6.4694e-01 6.1519e-01 5.8219e-01 
  8 5.0086e-01 4.8006e-01 4.9748e-01 5.1566e-01 
  9 6.1678e-01 6.8609e-01 7.0806e-01 7.2578e-01 
 10 2.7939e-01 6.3345e-01 5.3104e-01 4.7845e-01 
 11 5.1159e-01 5.5885e-01 5.3293e-01 4.7051e-01 
 13 7.1695e-01 7.5992e-01 7.5237e-01 7.3368e-01 
 14 5.2736e-01 6.0830e-01 6.4740e-01 6.5805e-01 
 15 6.7400e-01 6.5697e-01 6.5795e-01 6.6210e-01 
 16 5.8466e-01 5.6651e-01 5.8690e-01 6.0696e-01 
 17 3.7881e-01 4.3147e-01 5.0357e-01 5.4053e-01 
 19 6.1716e-01 6.0386e-01 5.8880e-01 6.1006e-01 
 21 7.4422e-01 7.8356e-01 8.0672e-01 8.1676e-01 
 23 6.0505e-01 6.2469e-01 6.3406e-01 6.1986e-01 
 25 6.4173e-01 6.4186e-01 6.7296e-01 6.9986e-01 
 26 6.0810e-01 6.0916e-01 5.9120e-01 5.7970e-01 
 27 6.1620e-01 6.4844e-01 6.7946e-01 6.9973e-01 
 29 6.4316e-01 6.3528e-01 6.2003e-01 6.0295e-01 
 31 5.2118e-01 5.4309e-01 5.2483e-01 5.0660e-01 
 32 6.8428e-01 6.9025e-01 6.8803e-01 6.6590e-01 
 33 2.4149e-01 2.9163e-01 3.5294e-01 4.1033e-01 
 34 4.6921e-01 4.5956e-01 5.0343e-01 5.3034e-01 
 35 3.5318e-01 3.0015e-01 2.5541e-01 2.1100e-01 
 39 6.5313e-01 6.8628e-01 6.8777e-01 6.7177e-01 
 42 7.1017e-01 7.3602e-01 7.3648e-01 7.4316e-01 
 44 6.7542e-01 6.8747e-01 6.8903e-01 6.9453e-01 
 45 2.7192e-01 2.0694e-01 2.7446e-01 3.2048e-01 
 49 4.8285e-01 4.5873e-01 4.3766e-01 4.0505e-01 
 50 5.4736e-01 5.7055e-01 6.3865e-01 7.3727e-01 
 53 6.3410e-01 6.3220e-01 6.3695e-01 6.4630e-01 
 54 6.4584e-01 6.5042e-01 6.2875e-01 6.2798e-01 
 55 4.9783e-01 4.8088e-01 5.2338e-01 5.5970e-01 
 59 4.6628e-01 7.6729e-02 5.1886e-02 2.5943e-01 
 61 5.5676e-01 5.8154e-01 5.5341e-01 5.0933e-01 
 63 5.0816e-01 4.6722e-01 4.5160e-01 4.4277e-01 
 65 5.3805e-01 5.0451e-01 4.4990e-01 4.3555e-01 
 66 5.8467e-01 3.7863e-01 3.6926e-01 3.9209e-01 
 68 5.0912e-01 3.7294e-01 3.4013e-01 3.7146e-01 
 69 6.1392e-01 5.4885e-01 4.9707e-01 4.7398e-01 
 71 5.9346e-01 6.1289e-01 6.0508e-01 6.0552e-01 
 73 4.0737e-01 4.3867e-01 4.3273e-01 3.7307e-01 
 77 2.7802e-01 4.0920e-01 5.4695e-01 5.7432e-01 
 78 5.0752e-01 5.0402e-01 4.7668e-01 4.8670e-01 
 79 2.7822e-01 3.6082e-01 3.8767e-01 4.0513e-01 
 80 5.0637e-01 4.3392e-01 3.9271e-01 4.0107e-01 
 81 3.6878e-01 3.4995e-01 3.1720e-01 2.7381e-01 
 82 7.3367e-01 7.5083e-01 7.7204e-01 7.7277e-01 
 83 4.9648e-01 6.1356e-01 7.0155e-01 7.1500e-01 
 85 6.5192e-01 6.6371e-01 6.8445e-01 6.8729e-01 
 86 6.6046e-01 7.7592e-01 6.8237e-01 6.2102e-01 
 88 5.9244e-01 6.0051e-01 5.8721e-01 5.9964e-01 
 91 3.3300e-01 3.8107e-01 3.5762e-01 3.4876e-01 
 96 5.6422e-01 4.9711e-01 4.3511e-01 4.8634e-01 
 98 6.2611e-01 5.4306e-01 4.7562e-01 4.2560e-01 
100 6.6329e-01 7.0721e-01 7.0316e-01 7.0631e-01 
104 5.2756e-01 5.6542e-01 6.0925e-01 6.4696e-01 
106 6.5456e-01 6.9244e-01 7.2652e-01 7.7725e-01 
108 6.8819e-01 6.9475e-01 7.5678e-01 7.8872e-01 
125 6.0509e-01 5.7336e-01 5.6524e-01 5.7647e-01 
131 6.7374e-01 5.7146e-01 4.3467e-01 3.8206e-01 
132 6.6020e-01 5.7842e-01 5.2980e-01 5.0727e-01 
135 5.6789e-01 5.7745e-01 6.0060e-01 6.0019e-01 
140 5.7520e-01 6.2918e-01 6.4175e-01 6.6063e-01 
146 5.9433e-01 5.8410e-01 5.5489e-01 5.2882e-01 
149 6.7888e-01 6.1209e-01 6.3286e-01 6.4841e-01 
153 6.5326e-01 6.3959e-01 6.1414e-01 6.0613e-01 
156 5.6045e-01 4.3251e-01 3.7725e-01 4.1348e-01 
161 5.6770e-01 5.0918e-01 4.8736e-01 5.0555e-01 
175 7.3317e-01 7.3623e-01 7.3431e-01 7.1752e-01 
200 7.1197e-01 6.9663e-01 6.8471e-01 6.8759e-01 
201 5.5245e-01 5.6016e-01 5.5507e-01 5.3977e-01 
217 4.9440e-01 4.8242e-01 5.0450e-01 4.7841e-01 
223 6.9814e-01 6.8018e-01 6.4367e-01 6.2565e-01 
229 6.0673e-01 5.6161e-01 5.0318e-01 5.2307e-01 
248 7.1271e-01 7.1003e-01 7.1010e-01 7.1319e-01 
284 7.9155e-01 8.2711e-01 8.2998e-01 7.5182e-01 
298 7.7894e-01 8.5375e-01 8.0971e-01 7.3896e-01 
434 6.9950e-01 6.5485e-01 6.2969e-01 6.3177e-01 
471 6.9382e-01 6.4604e-01 6.2630e-01 6.2850e-01 
732 5.6856e-01 5.7455e-01 5.8569e-01 5.8461e-01 
