# CLid r/r500c: [ 0.15  0.2   0.25  0.3 ]
  1 5.3729e-01 5.7262e-01 5.6902e-01 5.6801e-01 
  2 4.9682e-01 5.3533e-01 5.5836e-01 5.9206e-01 
  3 5.9764e-01 6.2468e-01 6.5470e-01 7.2073e-01 
  4 4.6347e-01 5.0862e-01 5.5670e-01 5.5707e-01 
  5 6.1249e-01 6.4219e-01 6.2495e-01 6.0010e-01 
  6 6.5292e-01 6.4912e-01 6.5538e-01 6.6609e-01 
  7 7.6665e-01 6.8534e-01 6.1246e-01 5.8553e-01 
  8 4.5659e-01 4.8367e-01 5.1613e-01 5.3347e-01 
  9 6.3862e-01 6.9305e-01 7.2000e-01 7.2032e-01 
 10 3.2464e-01 4.5442e-01 5.1842e-01 4.9154e-01 
 11 5.0287e-01 4.8530e-01 4.1186e-01 3.6881e-01 
 13 7.1215e-01 7.4479e-01 7.0998e-01 7.1332e-01 
 14 5.8861e-01 6.5615e-01 6.7088e-01 6.7453e-01 
 15 6.8264e-01 6.4802e-01 6.6148e-01 6.7026e-01 
 16 5.7002e-01 5.7329e-01 6.1376e-01 6.3758e-01 
 17 3.5972e-01 4.3455e-01 5.0101e-01 5.8289e-01 
 19 5.9568e-01 5.9534e-01 5.9187e-01 6.7679e-01 
 21 7.7166e-01 8.0698e-01 8.2503e-01 8.1464e-01 
 23 5.3091e-01 7.5600e-01 6.7576e-01 5.7592e-01 
 25 6.4753e-01 6.5766e-01 6.9584e-01 7.5595e-01 
 26 6.5199e-01 6.2609e-01 5.8405e-01 5.6781e-01 
 27 6.0533e-01 6.8710e-01 7.0831e-01 7.1237e-01 
 29 6.7208e-01 6.2376e-01 5.8320e-01 5.8499e-01 
 31 5.8633e-01 5.6631e-01 5.3745e-01 4.8966e-01 
 32 6.7736e-01 6.9339e-01 6.7450e-01 6.4557e-01 
 33 2.4666e-01 3.6596e-01 4.0806e-01 3.7188e-01 
 34 4.5652e-01 5.0917e-01 5.5061e-01 5.4971e-01 
 35 1.4632e-01 1.6202e-01 1.6369e-01 1.8509e-01 
 39 6.6075e-01 6.9565e-01 6.6949e-01 6.5095e-01 
 42 7.3052e-01 7.4488e-01 7.4448e-01 7.5378e-01 
 44 6.7256e-01 7.0330e-01 6.9785e-01 7.2551e-01 
 45 2.0053e-01 3.1211e-01 3.8346e-01 4.3140e-01 
 49 4.3972e-01 4.4111e-01 4.0433e-01 3.5108e-01 
 50 5.6307e-01 6.3946e-01 7.8487e-01 8.2174e-01 
 53 6.1707e-01 6.2195e-01 6.4569e-01 6.6639e-01 
 54 6.7729e-01 6.3091e-01 6.1758e-01 6.3381e-01 
 55 4.7355e-01 4.9569e-01 5.8856e-01 5.9316e-01 
 59 1.3246e-01 1.3145e-01 5.1382e-01 5.9031e-01 
 61 5.5150e-01 5.8120e-01 5.2906e-01 4.8613e-01 
 63 5.0800e-01 4.7729e-01 4.5147e-01 4.6441e-01 
 65 5.8851e-01 5.0102e-01 4.3508e-01 4.7345e-01 
 66 3.7576e-01 3.7139e-01 4.3605e-01 3.9848e-01 
 68 4.0061e-01 3.0003e-01 3.4365e-01 4.6447e-01 
 69 5.9421e-01 5.0362e-01 4.7232e-01 4.5544e-01 
 71 6.1413e-01 6.1604e-01 6.0039e-01 6.1756e-01 
 73 4.0005e-01 4.2122e-01 3.6301e-01 2.9622e-01 
 77 3.8505e-01 5.2308e-01 6.0347e-01 5.1752e-01 
 78 4.7493e-01 5.1463e-01 5.0000e-01 5.9820e-01 
 79 3.0769e-01 3.8731e-01 4.1330e-01 4.1983e-01 
 80 5.2731e-01 4.5295e-01 4.2131e-01 4.2131e-01 
 81 5.3302e-01 4.2213e-01 3.8300e-01 4.8295e-01 
 82 7.3282e-01 7.5964e-01 7.7296e-01 7.3428e-01 
 83 4.9711e-01 6.4108e-01 7.1033e-01 6.8957e-01 
 85 6.6121e-01 6.8216e-01 6.9898e-01 6.7404e-01 
 86 6.9699e-01 7.2462e-01 6.1832e-01 5.9153e-01 
 88 6.2182e-01 5.8347e-01 5.7077e-01 6.1974e-01 
 91 3.7036e-01 3.9081e-01 3.3643e-01 3.4947e-01 
 96 5.1367e-01 4.3596e-01 4.4126e-01 5.0009e-01 
 98 5.8749e-01 4.8008e-01 3.8439e-01 4.1616e-01 
100 6.6479e-01 7.0325e-01 7.0943e-01 7.6619e-01 
104 5.4232e-01 6.0108e-01 6.5250e-01 6.8069e-01 
106 6.7283e-01 7.1801e-01 7.6526e-01 8.3585e-01 
108 6.6998e-01 7.1452e-01 7.7892e-01 7.7323e-01 
125 5.3679e-01 5.2412e-01 5.3905e-01 5.3719e-01 
131 5.8811e-01 4.1047e-01 3.1516e-01 3.5745e-01 
132 6.0116e-01 5.1925e-01 4.9637e-01 4.6687e-01 
135 5.6580e-01 5.9582e-01 6.0466e-01 6.0286e-01 
140 5.9552e-01 6.5351e-01 6.5879e-01 6.8537e-01 
146 6.0138e-01 5.7513e-01 5.1373e-01 5.4175e-01 
149 6.0868e-01 6.0205e-01 6.3951e-01 6.4485e-01 
153 6.3952e-01 6.0934e-01 6.0640e-01 6.1511e-01 
156 6.6376e-01 6.1247e-01 5.8333e-01 5.0231e-01 
161 5.5840e-01 4.8313e-01 4.9164e-01 5.4021e-01 
175 7.3162e-01 7.3670e-01 7.2046e-01 7.0093e-01 
200 7.1233e-01 6.8889e-01 6.8205e-01 6.9220e-01 
201 5.6763e-01 5.6879e-01 5.2163e-01 5.3319e-01 
217 4.8723e-01 5.3265e-01 4.9762e-01 4.4228e-01 
223 7.0513e-01 6.6270e-01 6.3038e-01 6.1663e-01 
229 5.7989e-01 5.1170e-01 4.9861e-01 5.3842e-01 
248 7.1099e-01 7.1595e-01 7.1713e-01 7.1281e-01 
284 8.9059e-01 8.7001e-01 7.5348e-01 6.7136e-01 
298 7.7778e-01 7.8384e-01 7.3932e-01 6.5071e-01 
434 7.0226e-01 6.4405e-01 6.8719e-01 6.5907e-01 
471 7.2477e-01 6.4350e-01 6.4615e-01 5.6561e-01 
732 5.4692e-01 5.8541e-01 5.9450e-01 5.8822e-01 
